
1 1 1 1 1 0 1 0 1 0 0 1 1 1 0 0 0 0 1 0 0 1 0 1 0 1   679.4 52.5 0
0 0 0 0 0 0 0 0 0 0 0 0 0 0 0 0 1 0 0 0 0 0 1 0 0 0   82 3 1.64
0 0 1 0 0 1 0 0 0 0 1 0 0 0 0 0 0 0 0 0 0 0 0 0 0 0   88 12 1.76
0 0 0 1 0 0 0 0 0 0 0 0 1 0 0 0 0 0 0 0 0 0 0 0 0 0   136 6 2.72
1 0 0 0 0 0 0 0 0 0 0 0 0 0 0 0 0 0 0 0 0 1 0 0 0 0   149 10 2.98
1 0 0 0 0 0 0 0 0 0 0 0 0 0 0 0 0 0 0 0 1 0 0 1 0 0   150 6 3
0 0 0 0 0 1 0 0 1 0 0 0 0 0 0 0 0 0 0 0 0 1 0 0 0 0   153 19 3.06
1 0 0 0 0 0 0 0 0 1 0 0 0 0 0 1 1 0 0 0 0 0 0 0 0 1   183 13 3.66
0 0 1 0 0 0 1 0 1 0 0 1 1 0 0 0 0 0 0 1 0 0 0 0 0 0   187.4 22.5 3.748
0 0 0 0 0 1 0 0 1 0 0 0 0 0 0 0 1 1 0 0 0 0 0 0 0 0   193 14 3.86
0 0 0 0 0 0 1 1 0 0 0 0 0 1 0 0 0 0 1 1 0 0 0 1 0 0   211.4 13.5 4.228
0 0 1 0 0 0 0 0 0 0 0 0 1 0 0 1 0 0 1 0 0 0 0 0 0 0   218 12 4.36
1 0 1 1 0 0 0 0 0 1 0 0 0 0 0 0 0 0 0 0 0 0 1 0 1 0   225 20 4.5
0 0 0 0 0 1 0 0 1 0 0 0 1 1 1 0 0 0 0 0 0 0 0 0 0 0   239 23 4.78
0 0 0 1 0 1 0 0 0 0 0 0 0 1 0 1 0 0 0 0 0 0 0 1 1 0   240 19 4.8
0 0 1 0 0 0 0 1 0 1 0 0 0 0 1 0 1 0 0 1 0 0 0 1 0 0   240 20 4.8
0 0 1 0 0 0 0 1 0 1 1 1 0 0 0 1 0 0 0 0 0 1 0 0 0 0   253 28 5.06
0 0 0 0 0 0 1 0 0 0 0 0 0 0 1 1 0 0 0 0 0 1 0 0 1 1   254.4 25.5 5.088
0 0 1 0 0 1 0 0 0 0 0 0 0 0 0 0 0 1 1 0 0 0 0 1 0 1   261 19 5.22
0 0 0 1 0 0 1 0 0 0 1 0 0 0 0 0 0 1 0 0 1 0 0 0 0 0   264.4 12.5 5.288
0 0 0 1 0 0 0 1 0 0 0 1 0 0 1 0 0 1 0 0 0 0 0 0 1 0   268 20 5.36
0 1 0 0 1 1 0 0 1 1 0 0 0 0 0 0 0 0 1 0 0 0 0 1 0 0   271 25 5.42
0 1 1 0 0 0 0 0 0 0 1 0 0 0 0 1 0 0 0 1 0 1 0 0 1 0   271 27 5.42
0 1 1 0 0 0 0 0 0 0 1 0 1 0 0 0 0 0 0 0 0 1 1 0 0 0   276 25 5.52
0 0 0 0 1 0 1 1 0 0 0 1 0 1 0 0 0 0 0 0 1 0 0 0 0 0   277.4 16.5 5.548
1 1 1 0 0 1 0 0 0 0 0 0 0 1 0 0 0 1 0 0 0 0 0 0 0 0   280 21 5.6
0 0 0 0 1 0 1 0 0 0 0 0 0 0 1 0 0 0 0 0 0 1 0 0 1 0   282.4 21.5 5.648
0 0 0 0 0 0 1 0 0 1 0 1 0 1 0 1 0 1 0 1 0 0 0 1 0 1   284.4 25.5 5.688
0 1 0 1 1 0 1 0 0 0 1 0 0 0 0 0 0 0 0 1 0 0 0 1 0 1   285.4 21.5 5.708
1 0 1 0 0 0 0 1 0 0 1 0 0 1 0 1 0 0 0 0 0 0 0 1 1 0   289 24 5.78
0 0 1 1 0 0 0 0 0 0 0 1 1 0 0 0 0 0 0 0 1 0 0 0 1 1   316 25 6.32
0 1 0 0 0 0 0 1 0 0 0 0 0 0 1 0 1 0 1 1 1 0 0 0 0 0   329 17 6.58
0 0 0 1 0 1 0 1 0 0 0 0 1 0 1 0 0 0 1 0 0 0 0 1 0 0   330 21 6.6
0 1 0 0 1 0 0 0 1 0 0 1 0 0 0 0 1 0 0 1 1 0 1 0 0 0   337 23 6.74
1 0 0 1 0 0 0 1 0 0 1 1 0 0 1 0 0 1 0 1 0 0 0 0 0 0   338 22 6.76
1 0 0 1 0 1 1 0 0 1 0 0 0 0 0 0 1 0 0 0 1 0 1 1 0 0   348.4 22.5 6.968
1 0 0 0 0 0 0 0 0 1 0 1 0 0 0 0 0 0 1 1 0 1 1 1 1 1   355 33 7.1
1 1 0 0 0 1 0 1 1 0 0 0 0 0 1 1 0 0 1 1 0 0 0 1 0 0   359 31 7.18
0 0 0 0 1 0 1 1 0 1 0 0 0 0 0 0 0 1 0 1 0 1 1 0 0 0   359.4 23.5 7.188
0 0 0 1 0 0 0 0 0 0 0 1 0 0 1 1 0 1 0 0 0 1 0 0 0 0   360 24 7.2
0 1 0 1 0 0 0 1 1 0 0 0 0 0 1 1 0 0 1 1 0 0 0 0 1 0   361 30 7.22
1 0 0 0 1 0 0 0 0 0 1 1 0 0 0 0 1 0 1 0 1 0 0 0 0 0   381 16 7.62
1 0 1 0 0 0 1 1 1 0 1 0 0 0 0 0 1 0 0 1 0 1 0 0 0 1   388.4 35.5 7.768
1 0 0 1 0 1 0 0 0 0 0 0 1 0 0 0 0 1 0 0 0 1 0 0 1 0   408 26 8.16
1 1 0 0 0 1 0 0 0 1 1 0 0 0 1 1 0 1 0 0 1 0 1 0 0 1   427 34 8.54
0 0 1 0 0 0 0 1 0 0 1 0 1 1 0 1 1 0 0 1 0 1 0 0 0 0   435 29 8.7
0 1 0 1 0 1 0 1 0 1 0 1 0 0 0 1 1 1 0 1 1 0 0 0 0 0   436 29 8.72
0 0 0 0 0 0 0 1 1 0 0 1 0 1 1 0 0 1 1 0 0 1 0 0 0 0   439 34 8.78
0 1 0 0 0 0 0 0 0 1 0 0 1 1 1 1 0 0 0 1 0 1 1 1 0 1   446 39 8.92
1 0 1 0 0 0 1 1 0 0 1 1 0 0 1 0 0 1 1 1 0 0 1 1 0 1   462.4 36.5 9.248
0 0 0 1 0 0 0 0 1 0 1 0 1 1 1 0 0 0 0 0 0 1 1 1 1 1   505 45 10.1