
1 0 1 1 1 0 1 1 0 0 1 0 1 1 1 1 1 1 1 0 1 1 1 1 0 0   970.4 52.5 0
1 0 1 1 1 0 0 1 0 0 1 1 1 1 1 1 1 1 1 0 1 1 1 1 0 0   970 54 0
1 0 1 1 1 1 0 1 0 0 1 0 1 1 1 1 1 1 1 0 1 1 1 1 0 0   978 54 0
1 0 1 1 1 0 0 1 0 0 1 1 1 1 1 1 1 1 1 0 1 1 1 1 0 0   970 54 0
1 0 1 1 1 0 0 1 1 0 1 0 1 1 1 1 1 1 1 0 1 1 1 1 0 0   992 57 0
1 0 1 1 1 0 0 1 1 0 1 0 1 1 1 1 1 1 1 0 1 1 1 1 0 0   992 57 0
1 0 1 1 1 0 0 1 0 1 1 0 1 1 1 1 1 1 1 0 1 1 1 1 0 0   970 54 0
1 0 1 1 1 0 0 1 1 0 1 0 1 1 1 1 1 1 1 0 1 1 1 1 0 0   992 57 0
1 0 1 1 1 0 0 1 0 0 1 0 1 1 1 1 1 1 1 0 1 1 1 1 0 1   981 54 0
1 1 1 1 1 0 0 1 0 0 1 0 1 1 1 1 1 1 1 0 1 1 1 1 0 0   980 54 0
1 0 1 1 1 0 0 1 0 0 1 1 1 1 1 1 1 1 1 0 1 1 1 1 0 0   970 54 0
1 0 1 1 1 0 0 1 0 0 1 0 1 1 1 1 1 1 1 0 1 1 1 1 1 0   981 54 0
1 0 1 1 1 0 1 1 0 0 1 0 1 1 1 1 1 1 1 0 1 1 1 1 0 0   970.4 52.5 0
1 0 1 1 1 0 1 1 0 0 1 0 1 1 1 1 1 1 1 0 1 1 1 1 0 0   970.4 52.5 0
1 0 1 1 1 0 0 1 0 0 1 0 1 1 1 1 1 1 1 0 1 1 1 1 1 0   981 54 0
1 0 1 1 1 0 0 1 0 0 1 0 1 1 1 1 1 1 1 1 1 1 1 1 0 0   978 51 0
1 0 1 1 1 1 0 1 0 0 1 0 1 1 1 1 1 1 1 0 1 1 1 1 0 0   978 54 0
1 0 1 1 1 0 0 1 0 0 1 0 1 1 1 1 1 1 1 0 1 1 1 1 1 0   981 54 0
1 1 1 1 1 0 0 1 0 0 1 0 1 1 1 1 1 1 1 0 1 1 1 1 0 0   980 54 0
1 0 1 1 1 0 0 1 1 0 1 0 1 1 1 1 1 1 1 0 1 1 1 1 0 0   992 57 0
1 0 1 1 1 0 0 1 0 1 1 0 1 1 1 1 1 1 1 0 1 1 1 1 0 0   970 54 0
1 0 1 1 1 0 0 1 0 1 1 0 1 1 1 1 1 1 1 0 1 1 1 1 0 0   970 54 0
1 0 1 1 1 0 1 1 0 0 1 0 1 1 1 1 1 1 1 0 1 1 1 1 0 0   970.4 52.5 0
1 1 1 1 1 0 0 1 0 0 1 0 1 1 1 1 1 1 1 0 1 1 1 1 0 0   980 54 0
1 0 1 1 1 0 0 1 0 1 1 0 1 1 1 1 1 1 1 0 1 1 1 1 0 0   970 54 0
1 0 1 1 1 0 0 1 0 0 1 0 1 1 1 1 1 1 1 1 1 1 1 1 0 0   978 51 0
1 1 1 1 1 0 0 1 0 0 1 0 1 1 1 1 1 1 1 0 1 1 1 1 0 0   980 54 0
1 0 1 1 1 0 1 1 0 0 1 0 1 1 1 1 1 1 1 0 1 1 1 1 0 0   970.4 52.5 0
1 0 1 1 1 0 1 1 0 0 1 0 1 1 1 1 1 1 1 0 1 1 1 1 0 0   970.4 52.5 0
1 1 1 1 1 0 0 1 0 0 1 0 1 1 1 1 1 1 1 0 1 1 1 1 0 0   980 54 0
1 0 1 1 1 0 0 1 1 0 1 0 1 1 1 1 1 1 1 0 1 1 1 1 0 0   992 57 0
1 1 1 1 1 0 0 1 0 0 1 0 1 1 1 1 1 1 1 0 1 1 1 1 0 0   980 54 0
1 0 1 1 0 0 0 1 0 0 1 0 1 1 1 1 1 1 1 0 1 1 1 1 0 0   868 48 17.36
1 0 1 1 0 0 0 1 0 0 1 0 1 1 1 1 1 1 1 0 1 1 1 1 0 0   868 48 17.36
1 0 1 1 0 0 0 1 0 0 1 0 1 1 1 1 1 1 1 0 1 1 1 1 0 0   868 48 17.36
1 0 1 1 1 0 0 1 0 0 1 0 1 1 1 1 1 0 1 0 1 1 1 1 0 0   878 48 17.56
1 0 1 1 1 0 0 1 0 0 1 0 1 1 1 1 1 0 1 0 1 1 1 1 0 0   878 48 17.56
1 0 1 1 1 0 0 1 0 0 1 0 1 1 1 1 1 0 1 0 1 1 1 1 0 0   878 48 17.56
1 0 1 1 1 0 0 1 0 0 1 0 1 1 1 1 1 0 1 0 1 1 1 1 0 0   878 48 17.56
1 0 1 1 1 0 0 1 0 0 1 0 1 1 1 1 1 0 1 0 1 1 1 1 0 0   878 48 17.56
1 0 1 1 1 0 0 1 0 0 1 0 1 1 1 1 1 1 1 0 0 1 1 1 0 0   881 48 17.62
1 0 1 1 1 0 0 1 0 0 1 0 1 1 1 1 1 1 1 0 0 1 1 1 0 0   881 48 17.62
1 0 1 1 1 0 0 1 0 0 1 0 1 1 1 1 1 1 1 0 0 1 1 1 0 0   881 48 17.62
1 0 1 1 1 0 0 1 0 0 1 0 1 1 1 1 1 1 1 0 0 1 1 1 0 0   881 48 17.62
1 0 1 1 1 0 0 1 0 0 1 0 1 1 1 1 1 1 1 0 0 1 1 1 0 0   881 48 17.62
1 0 1 0 1 0 0 1 0 0 1 0 1 1 1 1 1 1 1 0 1 1 1 1 0 0   886 47 17.72
1 0 1 0 1 0 0 1 0 0 1 0 1 1 1 1 1 1 1 0 1 1 1 1 0 0   886 47 17.72
1 0 1 1 1 0 0 1 0 0 1 0 1 1 1 1 1 1 0 0 1 1 1 1 0 0   888 48 17.76
1 0 1 1 1 0 0 1 0 0 1 0 1 1 1 1 1 1 0 0 1 1 1 1 0 0   888 48 17.76
1 0 1 1 1 0 0 1 0 0 1 0 1 1 1 1 1 1 0 0 1 1 1 1 0 0   888 48 17.76
1 0 1 1 1 0 0 1 0 0 1 0 1 1 1 1 1 1 0 0 1 1 1 1 0 0   888 48 17.76
1 0 1 1 1 0 0 1 0 0 1 0 1 1 1 1 1 1 0 0 1 1 1 1 0 0   888 48 17.76
1 0 1 1 1 0 0 1 0 0 1 0 1 1 1 1 1 1 0 0 1 1 1 1 0 0   888 48 17.76
1 0 1 1 1 0 0 1 0 0 1 0 1 1 1 1 1 1 0 0 1 1 1 1 0 0   888 48 17.76
1 0 1 1 1 0 0 1 0 0 1 0 1 1 1 1 1 1 0 0 1 1 1 1 0 0   888 48 17.76
1 0 1 1 1 0 0 1 0 0 1 0 1 1 1 1 1 1 0 0 1 1 1 1 0 0   888 48 17.76
1 0 1 1 1 0 0 1 0 0 1 0 1 1 1 1 1 1 0 0 1 1 1 1 0 0   888 48 17.76
1 0 1 1 1 0 0 1 0 0 1 0 0 1 1 1 1 1 1 0 1 1 1 1 0 0   894 47 17.88
1 0 1 1 1 0 0 1 0 0 1 0 0 1 1 1 1 1 1 0 1 1 1 1 0 0   894 47 17.88
1 0 1 1 1 0 0 1 0 0 1 0 0 1 1 1 1 1 1 0 1 1 1 1 0 0   894 47 17.88
1 0 1 1 1 0 0 1 0 0 1 0 0 1 1 1 1 1 1 0 1 1 1 1 0 0   894 47 17.88
1 0 1 1 1 0 0 1 0 0 1 0 0 1 1 1 1 1 1 0 1 1 1 1 0 0   894 47 17.88
1 0 1 1 1 0 0 1 0 0 1 0 1 0 1 1 1 1 1 0 1 1 1 1 0 0   895 46 17.9
1 0 1 1 1 0 0 1 0 0 1 0 1 0 1 1 1 1 1 0 1 1 1 1 0 0   895 46 17.9
1 0 1 1 1 0 0 1 0 0 1 0 1 0 1 1 1 1 1 0 1 1 1 1 0 0   895 46 17.9
1 0 1 1 1 0 0 1 0 0 1 0 1 1 1 1 0 1 1 0 1 1 1 1 0 0   899 49 17.98
1 0 1 1 1 0 0 1 0 0 1 0 1 1 1 1 0 1 1 0 1 1 1 1 0 0   899 49 17.98
1 0 1 1 1 0 0 1 0 0 1 0 1 1 1 1 0 1 1 0 1 1 1 1 0 0   899 49 17.98
1 0 1 1 1 0 0 1 0 0 1 0 1 1 0 1 1 1 1 0 1 1 1 1 0 0   900 45 18
1 0 1 1 1 0 0 1 0 0 1 0 1 1 0 1 1 1 1 0 1 1 1 1 0 0   900 45 18
1 0 1 1 1 0 0 1 0 0 1 0 1 1 0 1 1 1 1 0 1 1 1 1 0 0   900 45 18
1 0 1 1 1 0 0 1 0 0 1 0 1 1 0 1 1 1 1 0 1 1 1 1 0 0   900 45 18
0 0 1 1 1 0 0 1 0 0 1 0 1 1 1 1 1 1 1 0 1 1 1 1 0 0   908 48 18.16
0 0 1 1 1 0 0 1 0 0 1 0 1 1 1 1 1 1 1 0 1 1 1 1 0 0   908 48 18.16
0 0 1 1 1 0 0 1 0 0 1 0 1 1 1 1 1 1 1 0 1 1 1 1 0 0   908 48 18.16
0 0 1 1 1 0 0 1 0 0 1 0 1 1 1 1 1 1 1 0 1 1 1 1 0 0   908 48 18.16
0 0 1 1 1 0 0 1 0 0 1 0 1 1 1 1 1 1 1 0 1 1 1 1 0 0   908 48 18.16
1 0 0 1 1 0 0 1 0 0 1 0 1 1 1 1 1 1 1 0 1 1 1 1 0 0   913 45 18.26
1 0 0 1 1 0 0 1 0 0 1 0 1 1 1 1 1 1 1 0 1 1 1 1 0 0   913 45 18.26
1 0 0 1 1 0 0 1 0 0 1 0 1 1 1 1 1 1 1 0 1 1 1 1 0 0   913 45 18.26
1 0 1 1 1 0 0 1 0 0 1 0 1 1 1 0 1 1 1 0 1 1 1 1 0 0   919 48 18.38
1 0 1 1 1 0 0 1 0 0 1 0 1 1 1 0 1 1 1 0 1 1 1 1 0 0   919 48 18.38
1 0 1 1 1 0 0 1 0 0 0 0 1 1 1 1 1 1 1 0 1 1 1 1 0 0   935 47 18.7
1 0 1 1 1 0 0 0 0 0 1 0 1 1 1 1 1 1 1 0 1 1 1 1 0 0   935 48 18.7
1 0 1 1 1 0 0 1 0 0 0 0 1 1 1 1 1 1 1 0 1 1 1 1 0 0   935 47 18.7
1 0 1 1 1 0 0 1 0 0 1 0 1 1 1 1 1 1 1 0 1 1 0 1 0 0   935 48 18.7
1 0 1 1 1 0 0 1 0 0 0 0 1 1 1 1 1 1 1 0 1 1 1 1 0 0   935 47 18.7
1 0 1 1 1 0 0 1 0 0 1 0 1 1 1 1 1 1 1 0 1 1 1 0 0 0   935 48 18.7
1 0 1 1 1 0 0 1 0 0 1 0 1 1 1 1 1 1 1 0 1 1 1 0 0 0   935 48 18.7
1 0 1 1 1 0 0 1 0 0 1 0 1 1 1 1 1 1 1 0 1 1 1 0 0 0   935 48 18.7
1 0 1 1 1 0 0 1 0 0 1 0 1 1 1 1 1 1 1 0 1 1 0 1 0 0   935 48 18.7
1 0 1 1 1 0 0 0 0 0 1 0 1 1 1 1 1 1 1 0 1 1 1 1 0 0   935 48 18.7
1 0 1 1 1 0 0 1 0 0 1 0 1 1 1 1 1 1 1 0 1 1 0 1 0 0   935 48 18.7
1 0 1 1 1 0 0 1 0 0 1 0 1 1 1 1 1 1 1 0 1 1 0 1 0 0   935 48 18.7
1 0 1 1 1 0 0 1 0 0 1 0 1 1 1 1 1 1 1 0 1 1 1 1 0 0   958 50 19.16
1 0 1 1 1 0 0 1 0 0 1 0 1 1 1 1 1 1 1 0 1 1 1 1 0 0   958 50 19.16
1 0 1 1 1 0 0 1 0 0 1 0 1 1 1 1 1 1 1 0 1 1 1 1 0 0   958 50 19.16
1 0 1 1 1 0 0 1 0 0 1 0 1 1 1 1 1 1 1 0 1 1 1 1 0 0   958 50 19.16
1 0 1 1 1 0 0 1 0 0 1 0 1 1 1 1 1 1 1 0 1 1 1 1 0 0   958 50 19.16
1 0 1 1 1 0 0 1 0 0 1 0 1 1 1 1 1 1 1 0 1 1 1 1 0 0   958 50 19.16
1 0 1 1 1 0 0 1 0 0 1 0 1 1 1 1 1 1 1 0 1 1 1 1 0 0   958 50 19.16
1 0 1 1 1 0 0 1 0 0 1 0 1 1 1 1 1 1 1 0 1 1 1 1 0 0   958 50 19.16
1 0 1 1 1 0 0 1 0 0 1 0 1 1 1 1 1 1 1 0 1 1 1 1 0 0   958 50 19.16
1 0 1 1 1 0 0 1 0 0 1 0 1 1 1 1 1 1 1 0 1 1 1 1 0 0   958 50 19.16
1 0 1 1 1 0 0 1 0 0 1 0 1 1 1 1 1 1 1 0 1 1 1 1 0 0   958 50 19.16
1 0 1 1 1 0 0 1 0 0 1 0 1 1 1 1 1 1 1 0 1 1 1 1 0 0   958 50 19.16
1 0 1 1 1 0 0 1 0 0 1 0 1 1 1 1 1 1 1 0 1 1 1 1 0 0   958 50 19.16
1 0 1 1 1 0 0 1 0 0 1 0 1 1 1 1 1 1 1 0 1 1 1 1 0 0   958 50 19.16
1 0 1 1 1 0 0 1 0 0 1 0 1 1 1 1 1 1 1 0 1 1 1 1 0 0   958 50 19.16
1 0 1 1 1 0 0 1 0 0 1 0 1 1 1 1 1 1 1 0 1 1 1 1 0 0   958 50 19.16
1 0 1 1 1 0 0 1 0 0 1 0 1 1 1 1 1 1 1 0 1 1 1 1 0 0   958 50 19.16
1 0 1 1 1 0 0 1 0 0 1 0 1 1 1 1 1 1 1 0 1 1 1 1 0 0   958 50 19.16
1 0 1 1 1 0 0 1 0 0 1 0 1 1 1 1 1 1 1 0 1 1 1 1 0 0   958 50 19.16
1 0 1 1 1 0 0 1 0 0 1 0 1 1 1 1 1 1 1 0 1 1 1 1 0 0   958 50 19.16
1 0 1 1 1 0 0 1 0 0 1 0 1 1 1 1 1 1 1 0 1 1 1 1 0 0   958 50 19.16
1 0 1 1 1 0 0 1 0 0 1 0 1 1 1 1 1 1 1 0 1 1 1 1 0 0   958 50 19.16
1 0 1 1 1 0 0 1 0 0 1 0 1 1 1 1 1 1 1 0 1 1 1 1 0 0   958 50 19.16
1 0 1 1 1 0 0 1 0 0 1 0 1 1 1 1 1 1 1 0 1 1 1 1 0 0   958 50 19.16
1 0 1 1 1 0 0 1 0 0 1 0 1 1 1 1 1 1 1 0 1 1 1 1 0 0   958 50 19.16
1 0 1 1 1 0 0 1 0 0 1 0 1 1 1 1 1 1 1 0 1 1 1 1 0 0   958 50 19.16
1 0 1 1 1 0 0 1 0 0 1 0 1 1 1 1 1 1 1 0 1 1 1 1 0 0   958 50 19.16
1 0 1 1 1 0 0 1 0 0 1 0 1 1 1 1 1 1 1 0 1 1 1 1 0 0   958 50 19.16
1 0 1 1 1 0 0 1 0 0 1 0 1 1 1 1 1 1 1 0 1 1 1 1 0 0   958 50 19.16
1 0 1 1 1 0 0 1 0 0 1 0 1 1 1 1 1 1 1 0 1 1 1 1 0 0   958 50 19.16
1 0 1 1 1 0 0 1 0 0 1 0 1 1 1 1 1 1 1 0 1 1 1 1 0 0   958 50 19.16
1 0 1 1 1 0 0 1 0 0 1 0 1 1 1 1 1 1 1 0 1 1 1 1 0 0   958 50 19.16
1 0 1 1 1 0 0 1 0 0 1 0 1 1 1 1 1 1 1 0 1 1 1 1 0 0   958 50 19.16
1 0 1 1 1 0 0 1 0 0 1 0 1 1 1 1 1 1 1 0 1 1 1 1 0 0   958 50 19.16
1 0 1 1 1 0 0 1 0 0 1 0 1 1 1 1 1 1 1 0 1 1 1 1 0 0   958 50 19.16
1 0 1 1 1 0 0 1 0 0 1 0 1 1 1 1 1 1 1 0 1 1 1 1 0 0   958 50 19.16
1 0 1 1 1 0 0 1 0 0 1 0 1 1 1 1 1 1 1 0 1 1 1 1 0 0   958 50 19.16
1 0 1 1 1 0 0 1 0 0 1 0 1 1 1 1 1 1 1 0 1 1 1 1 0 0   958 50 19.16
1 0 1 1 1 0 0 1 0 0 1 0 1 1 1 1 1 1 1 0 1 1 1 1 0 0   958 50 19.16
1 0 1 1 1 0 0 1 0 0 1 0 1 1 1 1 1 1 1 0 1 1 1 1 0 0   958 50 19.16
1 0 1 1 1 0 0 1 0 0 1 0 1 1 1 1 1 1 1 0 1 1 1 1 0 0   958 50 19.16
1 0 1 1 1 0 0 1 0 0 1 0 1 1 1 1 1 1 1 0 1 1 1 1 0 0   958 50 19.16
1 0 1 1 1 0 0 1 0 0 1 0 1 1 1 1 1 1 1 0 1 1 1 1 0 0   958 50 19.16
1 0 1 1 1 0 0 1 0 0 1 0 1 1 1 1 1 1 1 0 1 1 1 1 0 0   958 50 19.16
1 0 1 1 1 0 0 1 0 0 1 0 1 1 1 1 1 1 1 0 1 1 1 1 0 0   958 50 19.16
1 0 1 1 1 0 0 1 0 0 1 0 1 1 1 1 1 1 1 0 1 1 1 1 0 0   958 50 19.16
1 0 1 1 1 0 0 1 0 0 1 0 1 1 1 1 1 1 1 0 1 1 1 1 0 0   958 50 19.16
1 0 1 1 1 0 0 1 0 0 1 0 1 1 1 1 1 1 1 0 1 1 1 1 0 0   958 50 19.16
1 0 1 1 1 0 0 1 0 0 1 0 1 1 1 1 1 1 1 0 1 1 1 1 0 0   958 50 19.16
1 0 1 1 1 0 0 1 0 0 1 0 1 1 1 1 1 1 1 0 1 1 1 1 0 0   958 50 19.16
1 0 1 1 1 0 0 1 0 0 1 0 1 1 1 1 1 1 1 0 1 1 1 1 0 0   958 50 19.16
1 0 1 1 1 0 0 1 0 0 1 0 1 1 1 1 1 1 1 0 1 1 1 1 0 0   958 50 19.16
1 0 1 1 1 0 0 1 0 0 1 0 1 1 1 1 1 1 1 0 1 1 1 1 0 0   958 50 19.16
1 0 1 1 1 0 0 1 0 0 1 0 1 1 1 1 1 1 1 0 1 1 1 1 0 0   958 50 19.16
1 0 1 1 1 0 0 1 0 0 1 0 1 1 1 1 1 1 1 0 1 1 1 1 0 0   958 50 19.16
1 0 1 1 1 0 0 1 0 0 1 0 1 1 1 1 1 1 1 0 1 1 1 1 0 0   958 50 19.16
1 0 1 1 1 0 0 1 0 0 1 0 1 1 1 1 1 1 1 0 1 1 1 1 0 0   958 50 19.16
1 0 1 1 1 0 0 1 0 0 1 0 1 1 1 1 1 1 1 0 1 1 1 1 0 0   958 50 19.16
1 0 1 1 1 0 0 1 0 0 1 0 1 1 1 1 1 1 1 0 1 1 1 1 0 0   958 50 19.16
1 0 1 1 1 0 0 1 0 0 1 0 1 1 1 1 1 1 1 0 1 1 1 1 0 0   958 50 19.16
1 0 1 1 1 0 0 1 0 0 1 0 1 1 1 1 1 1 1 0 1 1 1 1 0 0   958 50 19.16
1 0 1 1 1 0 0 1 0 0 1 0 1 1 1 1 1 1 1 0 1 1 1 1 0 0   958 50 19.16
1 0 1 1 1 0 0 1 0 0 1 0 1 1 1 1 1 1 1 0 1 1 1 1 0 0   958 50 19.16
1 0 1 1 1 0 0 1 0 0 1 0 1 1 1 1 1 1 1 0 1 1 1 1 0 0   958 50 19.16
1 0 1 1 1 0 0 1 0 0 1 0 1 1 1 1 1 1 1 0 1 1 1 1 0 0   958 50 19.16
1 0 1 1 1 0 0 1 0 0 1 0 1 1 1 1 1 1 1 0 1 1 1 1 0 0   958 50 19.16
1 0 1 1 1 0 0 1 0 0 1 0 1 1 1 1 1 1 1 0 1 1 1 1 0 0   958 50 19.16
1 0 1 1 1 0 0 1 0 0 1 0 1 1 1 1 1 1 1 0 1 1 1 1 0 0   958 50 19.16
1 0 1 1 1 0 0 1 0 0 1 0 1 1 1 1 1 1 1 0 1 1 1 1 0 0   958 50 19.16
1 0 1 1 1 0 0 1 0 0 1 0 1 1 1 1 1 1 1 0 1 1 1 1 0 0   958 50 19.16
1 0 1 1 1 0 0 1 0 0 1 0 1 1 1 1 1 1 1 0 1 1 1 1 0 0   958 50 19.16
1 0 1 1 1 0 0 1 0 0 1 0 1 1 1 1 1 1 1 0 1 1 1 1 0 0   958 50 19.16
1 0 1 1 1 0 0 1 0 0 1 0 1 1 1 1 1 1 1 0 1 1 1 1 0 0   958 50 19.16
1 0 1 1 1 0 0 1 0 0 1 0 1 1 1 1 1 1 1 0 1 1 1 1 0 0   958 50 19.16
1 0 1 1 1 0 0 1 0 0 1 0 1 1 1 1 1 1 1 0 1 1 1 1 0 0   958 50 19.16
1 0 1 1 1 0 0 1 0 0 1 0 1 1 1 1 1 1 1 0 1 1 1 1 0 0   958 50 19.16
1 0 1 1 1 0 0 1 0 0 1 0 1 1 1 1 1 1 1 0 1 1 1 1 0 0   958 50 19.16
1 0 1 1 1 0 0 1 0 0 1 0 1 1 1 1 1 1 1 0 1 1 1 1 0 0   958 50 19.16
1 0 1 1 1 0 0 1 0 0 1 0 1 1 1 1 1 1 1 0 1 1 1 1 0 0   958 50 19.16
1 0 1 1 1 0 0 1 0 0 1 0 1 1 1 1 1 1 1 0 1 1 1 1 0 0   958 50 19.16
1 0 1 1 1 0 0 1 0 0 1 0 1 1 1 1 1 1 1 0 1 1 1 1 0 0   958 50 19.16
1 0 1 1 1 0 0 1 0 0 1 0 1 1 1 1 1 1 1 0 1 1 1 1 0 0   958 50 19.16
1 0 1 1 1 0 0 1 0 0 1 0 1 1 1 1 1 1 1 0 1 1 1 1 0 0   958 50 19.16
1 0 1 1 1 0 0 1 0 0 1 0 1 1 1 1 1 1 1 0 1 1 1 1 0 0   958 50 19.16
1 0 1 1 1 0 0 1 0 0 1 0 1 1 1 1 1 1 1 0 1 1 1 1 0 0   958 50 19.16
1 0 1 1 1 0 0 1 0 0 1 0 1 1 1 1 1 1 1 0 1 1 1 1 0 0   958 50 19.16
1 0 1 1 1 0 0 1 0 0 1 0 1 1 1 1 1 1 1 0 1 1 1 1 0 0   958 50 19.16
1 0 1 1 1 0 0 1 0 0 1 0 1 1 1 1 1 1 1 0 1 1 1 1 0 0   958 50 19.16
1 0 1 1 1 0 0 1 0 0 1 0 1 1 1 1 1 1 1 0 1 1 1 1 0 0   958 50 19.16
1 0 1 1 1 0 0 1 0 0 1 0 1 1 1 1 1 1 1 0 1 1 1 1 0 0   958 50 19.16
1 0 1 1 1 0 0 1 0 0 1 0 1 1 1 1 1 1 1 0 1 1 1 1 0 0   958 50 19.16
1 0 1 1 1 0 0 1 0 0 1 0 1 1 1 1 1 1 1 0 1 1 1 1 0 0   958 50 19.16
1 0 1 1 1 0 0 1 0 0 1 0 1 1 1 1 1 1 1 0 1 1 1 1 0 0   958 50 19.16
1 0 1 1 1 0 0 1 0 0 1 0 1 1 1 1 1 1 1 0 1 1 1 1 0 0   958 50 19.16
1 0 1 1 1 0 0 1 0 0 1 0 1 1 1 1 1 1 1 0 1 1 1 1 0 0   958 50 19.16
1 0 1 1 1 0 0 1 0 0 1 0 1 1 1 1 1 1 1 0 1 1 1 1 0 0   958 50 19.16
1 0 1 1 1 0 0 1 0 0 1 0 1 1 1 1 1 1 1 0 1 1 1 1 0 0   958 50 19.16
1 0 1 1 1 0 0 1 0 0 1 0 1 1 1 1 1 1 1 0 1 1 1 1 0 0   958 50 19.16
1 0 1 1 1 0 0 1 0 0 1 0 1 1 1 1 1 1 1 0 1 1 1 1 0 0   958 50 19.16
1 0 1 1 1 0 0 1 0 0 1 0 1 1 1 1 1 1 1 0 1 1 1 1 0 0   958 50 19.16
1 0 1 1 1 0 0 1 0 0 1 0 1 1 1 1 1 1 1 0 1 1 1 1 0 0   958 50 19.16
1 0 1 1 1 0 0 1 0 0 1 0 1 1 1 1 1 1 1 0 1 1 1 1 0 0   958 50 19.16
1 0 1 1 1 0 0 1 0 0 1 0 1 1 1 1 1 1 1 0 1 1 1 1 0 0   958 50 19.16
1 0 1 1 1 0 0 1 0 0 1 0 1 1 1 1 1 1 1 0 1 1 1 1 0 0   958 50 19.16
1 0 1 1 1 0 0 1 0 0 1 0 1 1 1 1 1 1 1 0 1 1 1 1 0 0   958 50 19.16
1 0 1 1 1 0 0 1 0 0 1 0 1 1 1 1 1 1 1 0 1 1 1 1 0 0   958 50 19.16
1 0 1 1 1 0 0 1 0 0 1 0 1 1 1 1 1 1 1 0 1 1 1 1 0 0   958 50 19.16
1 0 1 1 1 0 0 1 0 0 1 0 1 1 1 1 1 1 1 0 1 1 1 1 0 0   958 50 19.16
1 0 1 1 1 0 0 1 0 0 1 0 1 1 1 1 1 1 1 0 1 1 1 1 0 0   958 50 19.16
1 0 1 1 1 0 0 1 0 0 1 0 1 1 1 1 1 1 1 0 1 1 1 1 0 0   958 50 19.16
1 0 1 1 1 0 0 1 0 0 1 0 1 1 1 1 1 1 1 0 1 1 1 1 0 0   958 50 19.16
1 0 1 1 1 0 0 1 0 0 1 0 1 1 1 1 1 1 1 0 1 1 1 1 0 0   958 50 19.16
1 0 1 1 1 0 0 1 0 0 1 0 1 1 1 1 1 1 1 0 1 1 1 1 0 0   958 50 19.16
1 0 1 1 1 0 0 1 0 0 1 0 1 1 1 1 1 1 1 0 1 1 1 1 0 0   958 50 19.16
1 0 1 1 1 0 0 1 0 0 1 0 1 1 1 1 1 1 1 0 1 1 1 1 0 0   958 50 19.16
1 0 1 1 1 0 0 1 0 0 1 0 1 1 1 1 1 1 1 0 1 1 1 1 0 0   958 50 19.16
1 0 1 1 1 0 0 1 0 0 1 0 1 1 1 1 1 1 1 0 1 1 1 1 0 0   958 50 19.16
1 0 1 1 1 0 0 1 0 0 1 0 1 1 1 1 1 1 1 0 1 1 1 1 0 0   958 50 19.16
1 0 1 1 1 0 0 1 0 0 1 0 1 1 1 1 1 1 1 0 1 1 1 1 0 0   958 50 19.16
1 0 1 1 1 0 0 1 0 0 1 0 1 1 1 1 1 1 1 0 1 1 1 1 0 0   958 50 19.16
1 0 1 1 1 0 0 1 0 0 1 0 1 1 1 1 1 1 1 0 1 1 1 1 0 0   958 50 19.16
1 0 1 1 1 0 0 1 0 0 1 0 1 1 1 1 1 1 1 0 1 1 1 1 0 0   958 50 19.16
1 0 1 1 1 0 0 1 0 0 1 0 1 1 1 1 1 1 1 0 1 1 1 1 0 0   958 50 19.16
1 0 1 1 1 0 0 1 0 0 1 0 1 1 1 1 1 1 1 0 1 1 1 1 0 0   958 50 19.16
1 0 1 1 1 0 0 1 0 0 1 0 1 1 1 1 1 1 1 0 1 1 1 1 0 0   958 50 19.16
1 0 1 1 1 0 0 1 0 0 1 0 1 1 1 1 1 1 1 0 1 1 1 1 0 0   958 50 19.16
1 0 1 1 1 0 0 1 0 0 1 0 1 1 1 1 1 1 1 0 1 1 1 1 0 0   958 50 19.16
1 0 1 1 1 0 0 1 0 0 1 0 1 1 1 1 1 1 1 0 1 1 1 1 0 0   958 50 19.16
1 0 1 1 1 0 0 1 0 0 1 0 1 1 1 1 1 1 1 0 1 1 1 1 0 0   958 50 19.16
1 0 1 1 1 0 0 1 0 0 1 0 1 1 1 1 1 1 1 0 1 1 1 1 0 0   958 50 19.16
1 0 1 1 1 0 0 1 0 0 1 0 1 1 1 1 1 1 1 0 1 1 1 1 0 0   958 50 19.16
1 0 1 1 1 0 0 1 0 0 1 0 1 1 1 1 1 1 1 0 1 1 1 1 0 0   958 50 19.16
1 0 1 1 1 0 0 1 0 0 1 0 1 1 1 1 1 1 1 0 1 1 1 1 0 0   958 50 19.16
1 0 1 1 1 0 0 1 0 0 1 0 1 1 1 1 1 1 1 0 1 1 1 1 0 0   958 50 19.16
1 0 1 1 1 0 0 1 0 0 1 0 1 1 1 1 1 1 1 0 1 1 1 1 0 0   958 50 19.16
1 0 1 1 1 0 0 1 0 0 1 0 1 1 1 1 1 1 1 0 1 1 1 1 0 0   958 50 19.16
1 0 1 1 1 0 0 1 0 0 1 0 1 1 1 1 1 1 1 0 1 1 1 1 0 0   958 50 19.16
1 0 1 1 1 0 0 1 0 0 1 0 1 1 1 1 1 1 1 0 1 1 1 1 0 0   958 50 19.16
1 0 1 1 1 0 0 1 0 0 1 0 1 1 1 1 1 1 1 0 1 1 1 1 0 0   958 50 19.16
1 0 1 1 1 0 0 1 0 0 1 0 1 1 1 1 1 1 1 0 1 1 1 1 0 0   958 50 19.16
1 0 1 1 1 0 0 1 0 0 1 0 1 1 1 1 1 1 1 0 1 1 1 1 0 0   958 50 19.16
1 0 1 1 1 0 0 1 0 0 1 0 1 1 1 1 1 1 1 0 1 1 1 1 0 0   958 50 19.16
1 0 1 1 1 0 0 1 0 0 1 0 1 1 1 1 1 1 1 0 1 1 1 1 0 0   958 50 19.16
1 0 1 1 1 0 0 1 0 0 1 0 1 1 1 1 1 1 1 0 1 1 1 1 0 0   958 50 19.16
1 0 1 1 1 0 0 1 0 0 1 0 1 1 1 1 1 1 1 0 1 1 1 1 0 0   958 50 19.16
1 0 1 1 1 0 0 1 0 0 1 0 1 1 1 1 1 1 1 0 1 1 1 1 0 0   958 50 19.16
1 0 1 1 1 0 0 1 0 0 1 0 1 1 1 1 1 1 1 0 1 1 1 1 0 0   958 50 19.16
1 0 1 1 1 0 0 1 0 0 1 0 1 1 1 1 1 1 1 0 1 1 1 1 0 0   958 50 19.16
1 0 1 1 1 0 0 1 0 0 1 0 1 1 1 1 1 1 1 0 1 1 1 1 0 0   958 50 19.16
1 0 1 1 1 0 0 1 0 0 1 0 1 1 1 1 1 1 1 0 1 1 1 1 0 0   958 50 19.16
1 0 1 1 1 0 0 1 0 0 1 0 1 1 1 1 1 1 1 0 1 1 1 1 0 0   958 50 19.16
1 0 1 1 1 0 0 1 0 0 1 0 1 1 1 1 1 1 1 0 1 1 1 1 0 0   958 50 19.16
1 0 1 1 1 0 0 1 0 0 1 0 1 1 1 1 1 1 1 0 1 1 1 1 0 0   958 50 19.16
1 0 1 1 1 0 0 1 0 0 1 0 1 1 1 1 1 1 1 0 1 1 1 1 0 0   958 50 19.16
1 0 1 1 1 0 0 1 0 0 1 0 1 1 1 1 1 1 1 0 1 1 1 1 0 0   958 50 19.16
1 0 1 1 1 0 0 1 0 0 1 0 1 1 1 1 1 1 1 0 1 1 1 1 0 0   958 50 19.16
1 0 1 1 1 0 0 1 0 0 1 0 1 1 1 1 1 1 1 0 1 1 1 1 0 0   958 50 19.16
1 0 1 1 1 0 0 1 0 0 1 0 1 1 1 1 1 1 1 0 1 1 1 1 0 0   958 50 19.16
1 0 1 1 1 0 0 1 0 0 1 0 1 1 1 1 1 1 1 0 1 1 1 1 0 0   958 50 19.16
1 0 1 1 1 0 0 1 0 0 1 0 1 1 1 1 1 1 1 0 1 1 1 1 0 0   958 50 19.16
1 0 1 1 1 0 0 1 0 0 1 0 1 1 1 1 1 1 1 0 1 1 1 1 0 0   958 50 19.16
1 0 1 1 1 0 0 1 0 0 1 0 1 1 1 1 1 1 1 0 1 1 1 1 0 0   958 50 19.16
1 0 1 1 1 0 0 1 0 0 1 0 1 1 1 1 1 1 1 0 1 1 1 1 0 0   958 50 19.16
1 0 1 1 1 0 0 1 0 0 1 0 1 1 1 1 1 1 1 0 1 1 1 1 0 0   958 50 19.16
1 0 1 1 1 0 0 1 0 0 1 0 1 1 1 1 1 1 1 0 1 1 1 1 0 0   958 50 19.16
1 0 1 1 1 0 0 1 0 0 1 0 1 1 1 1 1 1 1 0 1 1 1 1 0 0   958 50 19.16
1 0 1 1 1 0 0 1 0 0 1 0 1 1 1 1 1 1 1 0 1 1 1 1 0 0   958 50 19.16
1 0 1 1 1 0 0 1 0 0 1 0 1 1 1 1 1 1 1 0 1 1 1 1 0 0   958 50 19.16
1 0 1 1 1 0 0 1 0 0 1 0 1 1 1 1 1 1 1 0 1 1 1 1 0 0   958 50 19.16
1 0 1 1 1 0 0 1 0 0 1 0 1 1 1 1 1 1 1 0 1 1 1 1 0 0   958 50 19.16
1 0 1 1 1 0 0 1 0 0 1 0 1 1 1 1 1 1 1 0 1 1 1 1 0 0   958 50 19.16
1 0 1 1 1 0 0 1 0 0 1 0 1 1 1 1 1 1 1 0 1 1 1 1 0 0   958 50 19.16
1 0 1 1 1 0 0 1 0 0 1 0 1 1 1 1 1 1 1 0 1 1 1 1 0 0   958 50 19.16
1 0 1 1 1 0 0 1 0 0 1 0 1 1 1 1 1 1 1 0 1 1 1 1 0 0   958 50 19.16
1 0 1 1 1 0 0 1 0 0 1 0 1 1 1 1 1 1 1 0 1 1 1 1 0 0   958 50 19.16
1 0 1 1 1 0 0 1 0 0 1 0 1 1 1 1 1 1 1 0 1 1 1 1 0 0   958 50 19.16
1 0 1 1 1 0 0 1 0 0 1 0 1 1 1 1 1 1 1 0 1 1 1 1 0 0   958 50 19.16
1 0 1 1 1 0 0 1 0 0 1 0 1 1 1 1 1 1 1 0 1 1 1 1 0 0   958 50 19.16
1 0 1 1 1 0 0 1 0 0 1 0 1 1 1 1 1 1 1 0 1 1 1 1 0 0   958 50 19.16
1 0 1 1 1 0 0 1 0 0 1 0 1 1 1 1 1 1 1 0 1 1 1 1 0 0   958 50 19.16
1 0 1 1 1 0 0 1 0 0 1 0 1 1 1 1 1 1 1 0 1 1 1 1 0 0   958 50 19.16
1 0 1 1 1 0 0 1 0 0 1 0 1 1 1 1 1 1 1 0 1 1 1 1 0 0   958 50 19.16
1 0 1 1 1 0 0 1 0 0 1 0 1 1 1 1 1 1 1 0 1 1 1 1 0 0   958 50 19.16
1 0 1 1 1 0 0 1 0 0 1 0 1 1 1 1 1 1 1 0 1 1 1 1 0 0   958 50 19.16
1 0 1 1 1 0 0 1 0 0 1 0 1 1 1 1 1 1 1 0 1 1 1 1 0 0   958 50 19.16
1 0 1 1 1 0 0 1 0 0 1 0 1 1 1 1 1 1 1 0 1 1 1 1 0 0   958 50 19.16
1 0 1 1 1 0 0 1 0 0 1 0 1 1 1 1 1 1 1 0 1 1 1 1 0 0   958 50 19.16
1 0 1 1 1 0 0 1 0 0 1 0 1 1 1 1 1 1 1 0 1 1 1 1 0 0   958 50 19.16
1 0 1 1 1 0 0 1 0 0 1 0 1 1 1 1 1 1 1 0 1 1 1 1 0 0   958 50 19.16
1 0 1 1 1 0 0 1 0 0 1 0 1 1 1 1 1 1 1 0 1 1 1 1 0 0   958 50 19.16
1 0 1 1 1 0 0 1 0 0 1 0 1 1 1 1 1 1 1 0 1 1 1 1 0 0   958 50 19.16
1 0 1 1 1 0 0 1 0 0 1 0 1 1 1 1 1 1 1 0 1 1 1 1 0 0   958 50 19.16
1 0 1 1 1 0 0 1 0 0 1 0 1 1 1 1 1 1 1 0 1 1 1 1 0 0   958 50 19.16
1 0 1 1 1 0 0 1 0 0 1 0 1 1 1 1 1 1 1 0 1 1 1 1 0 0   958 50 19.16
1 0 1 1 1 0 0 1 0 0 1 0 1 1 1 1 1 1 1 0 1 1 1 1 0 0   958 50 19.16
1 0 1 1 1 0 0 1 0 0 1 0 1 1 1 1 1 1 1 0 1 1 1 1 0 0   958 50 19.16
1 0 1 1 1 0 0 1 0 0 1 0 1 1 1 1 1 1 1 0 1 1 1 1 0 0   958 50 19.16
1 0 1 1 1 0 0 1 0 0 1 0 1 1 1 1 1 1 1 0 1 1 1 1 0 0   958 50 19.16
1 0 1 1 1 0 0 1 0 0 1 0 1 1 1 1 1 1 1 0 1 1 1 1 0 0   958 50 19.16
1 0 1 1 1 0 0 1 0 0 1 0 1 1 1 1 1 1 1 0 1 1 1 1 0 0   958 50 19.16
1 0 1 1 1 0 0 1 0 0 1 0 1 1 1 1 1 1 1 0 1 1 1 1 0 0   958 50 19.16
1 0 1 1 1 0 0 1 0 0 1 0 1 1 1 1 1 1 1 0 1 1 1 1 0 0   958 50 19.16
1 0 1 1 1 0 0 1 0 0 1 0 1 1 1 1 1 1 1 0 1 1 1 1 0 0   958 50 19.16
1 0 1 1 1 0 0 1 0 0 1 0 1 1 1 1 1 1 1 0 1 1 1 1 0 0   958 50 19.16
1 0 1 1 1 0 0 1 0 0 1 0 1 1 1 1 1 1 1 0 1 1 1 1 0 0   958 50 19.16
1 0 1 1 1 0 0 1 0 0 1 0 1 1 1 1 1 1 1 0 1 1 1 1 0 0   958 50 19.16
1 0 1 1 1 0 0 1 0 0 1 0 1 1 1 1 1 1 1 0 1 1 1 1 0 0   958 50 19.16
1 0 1 1 1 0 0 1 0 0 1 0 1 1 1 1 1 1 1 0 1 1 1 1 0 0   958 50 19.16
1 0 1 1 1 0 0 1 0 0 1 0 1 1 1 1 1 1 1 0 1 1 1 1 0 0   958 50 19.16
1 0 1 1 1 0 0 1 0 0 1 0 1 1 1 1 1 1 1 0 1 1 1 1 0 0   958 50 19.16
1 0 1 1 1 0 0 1 0 0 1 0 1 1 1 1 1 1 1 0 1 1 1 1 0 0   958 50 19.16
1 0 1 1 1 0 0 1 0 0 1 0 1 1 1 1 1 1 1 0 1 1 1 1 0 0   958 50 19.16
1 0 1 1 1 0 0 1 0 0 1 0 1 1 1 1 1 1 1 0 1 1 1 1 0 0   958 50 19.16
1 0 1 1 1 0 0 1 0 0 1 0 1 1 1 1 1 1 1 0 1 1 1 1 0 0   958 50 19.16
1 0 1 1 1 0 0 1 0 0 1 0 1 1 1 1 1 1 1 0 1 1 1 1 0 0   958 50 19.16
1 0 1 1 1 0 0 1 0 0 1 0 1 1 1 1 1 1 1 0 1 1 1 1 0 0   958 50 19.16
1 0 1 1 1 0 0 1 0 0 1 0 1 1 1 1 1 1 1 0 1 1 1 1 0 0   958 50 19.16
1 0 1 1 1 0 0 1 0 0 1 0 1 1 1 1 1 1 1 0 1 1 1 1 0 0   958 50 19.16
1 0 1 1 1 0 0 1 0 0 1 0 1 1 1 1 1 1 1 0 1 1 1 1 0 0   958 50 19.16
1 0 1 1 1 0 0 1 0 0 1 0 1 1 1 1 1 1 1 0 1 1 1 1 0 0   958 50 19.16
1 0 1 1 1 0 0 1 0 0 1 0 1 1 1 1 1 1 1 0 1 1 1 1 0 0   958 50 19.16
1 0 1 1 1 0 0 1 0 0 1 0 1 1 1 1 1 1 1 0 1 1 1 1 0 0   958 50 19.16
1 0 1 1 1 0 0 1 0 0 1 0 1 1 1 1 1 1 1 0 1 1 1 1 0 0   958 50 19.16
1 0 1 1 1 0 0 1 0 0 1 0 1 1 1 1 1 1 1 0 1 1 1 1 0 0   958 50 19.16
1 0 1 1 1 0 0 1 0 0 1 0 1 1 1 1 1 1 1 0 1 1 1 1 0 0   958 50 19.16
1 0 1 1 1 0 0 1 0 0 1 0 1 1 1 1 1 1 1 0 1 1 1 1 0 0   958 50 19.16
1 0 1 1 1 0 0 1 0 0 1 0 1 1 1 1 1 1 1 0 1 1 1 1 0 0   958 50 19.16
1 0 1 1 1 0 0 1 0 0 1 0 1 1 1 1 1 1 1 0 1 1 1 1 0 0   958 50 19.16
1 0 1 1 1 0 0 1 0 0 1 0 1 1 1 1 1 1 1 0 1 1 1 1 0 0   958 50 19.16
1 0 1 1 1 0 0 1 0 0 1 0 1 1 1 1 1 1 1 0 1 1 1 1 0 0   958 50 19.16
1 0 1 1 1 0 0 1 0 0 1 0 1 1 1 1 1 1 1 0 1 1 1 1 0 0   958 50 19.16
1 0 1 1 1 0 0 1 0 0 1 0 1 1 1 1 1 1 1 0 1 1 1 1 0 0   958 50 19.16
1 0 1 1 1 0 0 1 0 0 1 0 1 1 1 1 1 1 1 0 1 1 1 1 0 0   958 50 19.16
1 0 1 1 1 0 0 1 0 0 1 0 1 1 1 1 1 1 1 0 1 1 1 1 0 0   958 50 19.16
1 0 1 1 1 0 0 1 0 0 1 0 1 1 1 1 1 1 1 0 1 1 1 1 0 0   958 50 19.16
1 0 1 1 1 0 0 1 0 0 1 0 1 1 1 1 1 1 1 0 1 1 1 1 0 0   958 50 19.16
1 0 1 1 1 0 0 1 0 0 1 0 1 1 1 1 1 1 1 0 1 1 1 1 0 0   958 50 19.16
1 0 1 1 1 0 0 1 0 0 1 0 1 1 1 1 1 1 1 0 1 1 1 1 0 0   958 50 19.16
1 0 1 1 1 0 0 1 0 0 1 0 1 1 1 1 1 1 1 0 1 1 1 1 0 0   958 50 19.16
1 0 1 1 1 0 0 1 0 0 1 0 1 1 1 1 1 1 1 0 1 1 1 1 0 0   958 50 19.16
1 0 1 1 1 0 0 1 0 0 1 0 1 1 1 1 1 1 1 0 1 1 1 1 0 0   958 50 19.16
1 0 1 1 1 0 0 1 0 0 1 0 1 1 1 1 1 1 1 0 1 1 1 1 0 0   958 50 19.16
1 0 1 1 1 0 0 1 0 0 1 0 1 1 1 1 1 1 1 0 1 1 1 1 0 0   958 50 19.16
1 0 1 1 1 0 0 1 0 0 1 0 1 1 1 1 1 1 1 0 1 1 1 1 0 0   958 50 19.16
1 0 1 1 1 0 0 1 0 0 1 0 1 1 1 1 1 1 1 0 1 1 1 1 0 0   958 50 19.16
1 0 1 1 1 0 0 1 0 0 1 0 1 1 1 1 1 1 1 0 1 1 1 1 0 0   958 50 19.16
1 0 1 1 1 0 0 1 0 0 1 0 1 1 1 1 1 1 1 0 1 1 1 1 0 0   958 50 19.16
1 0 1 1 1 0 0 1 0 0 1 0 1 1 1 1 1 1 1 0 1 1 1 1 0 0   958 50 19.16
1 0 1 1 1 0 0 1 0 0 1 0 1 1 1 1 1 1 1 0 1 1 1 1 0 0   958 50 19.16
1 0 1 1 1 0 0 1 0 0 1 0 1 1 1 1 1 1 1 0 1 1 1 1 0 0   958 50 19.16
1 0 1 1 1 0 0 1 0 0 1 0 1 1 1 1 1 1 1 0 1 1 1 1 0 0   958 50 19.16
1 0 1 1 1 0 0 1 0 0 1 0 1 1 1 1 1 1 1 0 1 1 1 1 0 0   958 50 19.16
1 0 1 1 1 0 0 1 0 0 1 0 1 1 1 1 1 1 1 0 1 1 1 1 0 0   958 50 19.16
1 0 1 1 1 0 0 1 0 0 1 0 1 1 1 1 1 1 1 0 1 1 1 1 0 0   958 50 19.16
1 0 1 1 1 0 0 1 0 0 1 0 1 1 1 1 1 1 1 0 1 1 1 1 0 0   958 50 19.16
1 0 1 1 1 0 0 1 0 0 1 0 1 1 1 1 1 1 1 0 1 1 1 1 0 0   958 50 19.16
1 0 1 1 1 0 0 1 0 0 1 0 1 1 1 1 1 1 1 0 1 1 1 1 0 0   958 50 19.16
1 0 1 1 1 0 0 1 0 0 1 0 1 1 1 1 1 1 1 0 1 1 1 1 0 0   958 50 19.16
1 0 1 1 1 0 0 1 0 0 1 0 1 1 1 1 1 1 1 0 1 1 1 1 0 0   958 50 19.16
1 0 1 1 1 0 0 1 0 0 1 0 1 1 1 1 1 1 1 0 1 1 1 1 0 0   958 50 19.16
1 0 1 1 1 0 0 1 0 0 1 0 1 1 1 1 1 1 1 0 1 1 1 1 0 0   958 50 19.16
1 0 1 1 1 0 0 1 0 0 1 0 1 1 1 1 1 1 1 0 1 1 1 1 0 0   958 50 19.16
1 0 1 1 1 0 0 1 0 0 1 0 1 1 1 1 1 1 1 0 1 1 1 1 0 0   958 50 19.16
1 0 1 1 1 0 0 1 0 0 1 0 1 1 1 1 1 1 1 0 1 1 1 1 0 0   958 50 19.16
1 0 1 1 1 0 0 1 0 0 1 0 1 1 1 1 1 1 1 0 1 1 1 1 0 0   958 50 19.16
1 0 1 1 1 0 0 1 0 0 1 0 1 1 1 1 1 1 1 0 1 1 1 1 0 0   958 50 19.16
1 0 1 1 1 0 0 1 0 0 1 0 1 1 1 1 1 1 1 0 1 1 1 1 0 0   958 50 19.16
1 0 1 1 1 0 0 1 0 0 1 0 1 1 1 1 1 1 1 0 1 1 1 1 0 0   958 50 19.16
1 0 1 1 1 0 0 1 0 0 1 0 1 1 1 1 1 1 1 0 1 1 1 1 0 0   958 50 19.16
1 0 1 1 1 0 0 1 0 0 1 0 1 1 1 1 1 1 1 0 1 1 1 1 0 0   958 50 19.16
1 0 1 1 1 0 0 1 0 0 1 0 1 1 1 1 1 1 1 0 1 1 1 1 0 0   958 50 19.16
1 0 1 1 1 0 0 1 0 0 1 0 1 1 1 1 1 1 1 0 1 1 1 1 0 0   958 50 19.16
1 0 1 1 1 0 0 1 0 0 1 0 1 1 1 1 1 1 1 0 1 1 1 1 0 0   958 50 19.16
1 0 1 1 1 0 0 1 0 0 1 0 1 1 1 1 1 1 1 0 1 1 1 1 0 0   958 50 19.16
1 0 1 1 1 0 0 1 0 0 1 0 1 1 1 1 1 1 1 0 1 1 1 1 0 0   958 50 19.16
1 0 1 1 1 0 0 1 0 0 1 0 1 1 1 1 1 1 1 0 1 1 1 1 0 0   958 50 19.16
1 0 1 1 1 0 0 1 0 0 1 0 1 1 1 1 1 1 1 0 1 1 1 1 0 0   958 50 19.16
1 0 1 1 1 0 0 1 0 0 1 0 1 1 1 1 1 1 1 0 1 1 1 1 0 0   958 50 19.16
1 0 1 1 1 0 0 1 0 0 1 0 1 1 1 1 1 1 1 0 1 1 1 1 0 0   958 50 19.16
1 0 1 1 1 0 0 1 0 0 1 0 1 1 1 1 1 1 1 0 1 1 1 1 0 0   958 50 19.16
1 0 1 1 1 0 0 1 0 0 1 0 1 1 1 1 1 1 1 0 1 1 1 1 0 0   958 50 19.16
1 0 1 1 1 0 0 1 0 0 1 0 1 1 1 1 1 1 1 0 1 1 1 1 0 0   958 50 19.16
1 0 1 1 1 0 0 1 0 0 1 0 1 1 1 1 1 1 1 0 1 1 1 1 0 0   958 50 19.16
1 0 1 1 1 0 0 1 0 0 1 0 1 1 1 1 1 1 1 0 1 1 1 1 0 0   958 50 19.16
1 0 1 1 1 0 0 1 0 0 1 0 1 1 1 1 1 1 1 0 1 1 1 1 0 0   958 50 19.16
1 0 1 1 1 0 0 1 0 0 1 0 1 1 1 1 1 1 1 0 1 1 1 1 0 0   958 50 19.16
1 0 1 1 1 0 0 1 0 0 1 0 1 1 1 1 1 1 1 0 1 1 1 1 0 0   958 50 19.16
1 0 1 1 1 0 0 1 0 0 1 0 1 1 1 1 1 1 1 0 1 1 1 1 0 0   958 50 19.16
1 0 1 1 1 0 0 1 0 0 1 0 1 1 1 1 1 1 1 0 1 1 1 1 0 0   958 50 19.16
1 0 1 1 1 0 0 1 0 0 1 0 1 1 1 1 1 1 1 0 1 1 1 1 0 0   958 50 19.16
1 0 1 1 1 0 0 1 0 0 1 0 1 1 1 1 1 1 1 0 1 1 1 1 0 0   958 50 19.16
1 0 1 1 1 0 0 1 0 0 1 0 1 1 1 1 1 1 1 0 1 1 1 1 0 0   958 50 19.16
1 0 1 1 1 0 0 1 0 0 1 0 1 1 1 1 1 1 1 0 1 1 1 1 0 0   958 50 19.16
1 0 1 1 1 0 0 1 0 0 1 0 1 1 1 1 1 1 1 0 1 1 1 1 0 0   958 50 19.16
1 0 1 1 1 0 0 1 0 0 1 0 1 1 1 1 1 1 1 0 1 1 1 1 0 0   958 50 19.16
1 0 1 1 1 0 0 1 0 0 1 0 1 1 1 1 1 1 1 0 1 1 1 1 0 0   958 50 19.16
1 0 1 1 1 0 0 1 0 0 1 0 1 1 1 1 1 1 1 0 1 1 1 1 0 0   958 50 19.16
1 0 1 1 1 0 0 1 0 0 1 0 1 1 1 1 1 1 1 0 1 1 1 1 0 0   958 50 19.16
1 0 1 1 1 0 0 1 0 0 1 0 1 1 1 1 1 1 1 0 1 1 1 1 0 0   958 50 19.16
1 0 1 1 1 0 0 1 0 0 1 0 1 1 1 1 1 1 1 0 1 1 1 1 0 0   958 50 19.16
1 0 1 1 1 0 0 1 0 0 1 0 1 1 1 1 1 1 1 0 1 1 1 1 0 0   958 50 19.16
1 0 1 1 1 0 0 1 0 0 1 0 1 1 1 1 1 1 1 0 1 1 1 1 0 0   958 50 19.16
1 0 1 1 1 0 0 1 0 0 1 0 1 1 1 1 1 1 1 0 1 1 1 1 0 0   958 50 19.16
1 0 1 1 1 0 0 1 0 0 1 0 1 1 1 1 1 1 1 0 1 1 1 1 0 0   958 50 19.16
1 0 1 1 1 0 0 1 0 0 1 0 1 1 1 1 1 1 1 0 1 1 1 1 0 0   958 50 19.16
1 0 1 1 1 0 0 1 0 0 1 0 1 1 1 1 1 1 1 0 1 1 1 1 0 0   958 50 19.16
1 0 1 1 1 0 0 1 0 0 1 0 1 1 1 1 1 1 1 0 1 1 1 1 0 0   958 50 19.16
1 0 1 1 1 0 0 1 0 0 1 0 1 1 1 1 1 1 1 0 1 1 1 1 0 0   958 50 19.16
1 0 1 1 1 0 0 1 0 0 1 0 1 1 1 1 1 1 1 0 1 1 1 1 0 0   958 50 19.16
1 0 1 1 1 0 0 1 0 0 1 0 1 1 1 1 1 1 1 0 1 1 1 1 0 0   958 50 19.16
1 0 1 1 1 0 0 1 0 0 1 0 1 1 1 1 1 1 1 0 1 1 1 1 0 0   958 50 19.16
1 0 1 1 1 0 0 1 0 0 1 0 1 1 1 1 1 1 1 0 1 1 1 1 0 0   958 50 19.16
1 0 1 1 1 0 0 1 0 0 1 0 1 1 1 1 1 1 1 0 1 1 1 1 0 0   958 50 19.16
1 0 1 1 1 0 0 1 0 0 1 0 1 1 1 1 1 1 1 0 1 1 1 1 0 0   958 50 19.16
1 0 1 1 1 0 0 1 0 0 1 0 1 1 1 1 1 1 1 0 1 1 1 1 0 0   958 50 19.16
1 0 1 1 1 0 0 1 0 0 1 0 1 1 1 1 1 1 1 0 1 1 1 1 0 0   958 50 19.16
1 0 1 1 1 0 0 1 0 0 1 0 1 1 1 1 1 1 1 0 1 1 1 1 0 0   958 50 19.16
1 0 1 1 1 0 0 1 0 0 1 0 1 1 1 1 1 1 1 0 1 1 1 1 0 0   958 50 19.16
1 0 1 1 1 0 0 1 0 0 1 0 1 1 1 1 1 1 1 0 1 1 1 1 0 0   958 50 19.16
1 0 1 1 1 0 0 1 0 0 1 0 1 1 1 1 1 1 1 0 1 1 1 1 0 0   958 50 19.16
1 0 1 1 1 0 0 1 0 0 1 0 1 1 1 1 1 1 1 0 1 1 1 1 0 0   958 50 19.16
1 0 1 1 1 0 0 1 0 0 1 0 1 1 1 1 1 1 1 0 1 1 1 1 0 0   958 50 19.16
1 0 1 1 1 0 0 1 0 0 1 0 1 1 1 1 1 1 1 0 1 1 1 1 0 0   958 50 19.16
1 0 1 1 1 0 0 1 0 0 1 0 1 1 1 1 1 1 1 0 1 1 1 1 0 0   958 50 19.16
1 0 1 1 1 0 0 1 0 0 1 0 1 1 1 1 1 1 1 0 1 1 1 1 0 0   958 50 19.16
1 0 1 1 1 0 0 1 0 0 1 0 1 1 1 1 1 1 1 0 1 1 1 1 0 0   958 50 19.16
1 0 1 1 1 0 0 1 0 0 1 0 1 1 1 1 1 1 1 0 1 1 1 1 0 0   958 50 19.16
1 0 1 1 1 0 0 1 0 0 1 0 1 1 1 1 1 1 1 0 1 1 1 1 0 0   958 50 19.16
1 0 1 1 1 0 0 1 0 0 1 0 1 1 1 1 1 1 1 0 1 1 1 1 0 0   958 50 19.16
1 0 1 1 1 0 0 1 0 0 1 0 1 1 1 1 1 1 1 0 1 1 1 1 0 0   958 50 19.16
1 0 1 1 1 0 0 1 0 0 1 0 1 1 1 1 1 1 1 0 1 1 1 1 0 0   958 50 19.16
1 0 1 1 1 0 0 1 0 0 1 0 1 1 1 1 1 1 1 0 1 1 1 1 0 0   958 50 19.16
1 0 1 1 1 0 0 1 0 0 1 0 1 1 1 1 1 1 1 0 1 1 1 1 0 0   958 50 19.16
1 0 1 1 1 0 0 1 0 0 1 0 1 1 1 1 1 1 1 0 1 1 1 1 0 0   958 50 19.16
1 0 1 1 1 0 0 1 0 0 1 0 1 1 1 1 1 1 1 0 1 1 1 1 0 0   958 50 19.16
1 0 1 1 1 0 0 1 0 0 1 0 1 1 1 1 1 1 1 0 1 1 1 1 0 0   958 50 19.16
1 0 1 1 1 0 0 1 0 0 1 0 1 1 1 1 1 1 1 0 1 1 1 1 0 0   958 50 19.16
1 0 1 1 1 0 0 1 0 0 1 0 1 1 1 1 1 1 1 0 1 1 1 1 0 0   958 50 19.16
1 0 1 1 1 0 0 1 0 0 1 0 1 1 1 1 1 1 1 0 1 1 1 1 0 0   958 50 19.16
1 0 1 1 1 0 0 1 0 0 1 0 1 1 1 1 1 1 1 0 1 1 1 1 0 0   958 50 19.16
1 0 1 1 1 0 0 1 0 0 1 0 1 1 1 1 1 1 1 0 1 1 1 1 0 0   958 50 19.16
1 0 1 1 1 0 0 1 0 0 1 0 1 1 1 1 1 1 1 0 1 1 1 1 0 0   958 50 19.16
1 0 1 1 1 0 0 1 0 0 1 0 1 1 1 1 1 1 1 0 1 1 1 1 0 0   958 50 19.16
1 0 1 1 1 0 0 1 0 0 1 0 1 1 1 1 1 1 1 0 1 1 1 1 0 0   958 50 19.16
1 0 1 1 1 0 0 1 0 0 1 0 1 1 1 1 1 1 1 0 1 1 1 1 0 0   958 50 19.16
1 0 1 1 1 0 0 1 0 0 1 0 1 1 1 1 1 1 1 0 1 1 1 1 0 0   958 50 19.16
1 0 1 1 1 0 0 1 0 0 1 0 1 1 1 1 1 1 1 0 1 1 1 1 0 0   958 50 19.16
1 0 1 1 1 0 0 1 0 0 1 0 1 1 1 1 1 1 1 0 1 1 1 1 0 0   958 50 19.16
1 0 1 1 1 0 0 1 0 0 1 0 1 1 1 1 1 1 1 0 1 1 1 1 0 0   958 50 19.16
1 0 1 1 1 0 0 1 0 0 1 0 1 1 1 1 1 1 1 0 1 1 1 1 0 0   958 50 19.16
1 0 1 1 1 0 0 1 0 0 1 0 1 1 1 1 1 1 1 0 1 1 1 1 0 0   958 50 19.16
1 0 1 1 1 0 0 1 0 0 1 0 1 1 1 1 1 1 1 0 1 1 1 1 0 0   958 50 19.16
1 0 1 1 1 0 0 1 0 0 1 0 1 1 1 1 1 1 1 0 1 1 1 1 0 0   958 50 19.16
1 0 1 1 1 0 0 1 0 0 1 0 1 1 1 1 1 1 1 0 1 1 1 1 0 0   958 50 19.16
1 0 1 1 1 0 0 1 0 0 1 0 1 1 1 1 1 1 1 0 1 1 1 1 0 0   958 50 19.16
1 0 1 1 1 0 0 1 0 0 1 0 1 1 1 1 1 1 1 0 1 1 1 1 0 0   958 50 19.16
1 0 1 1 1 0 0 1 0 0 1 0 1 1 1 1 1 1 1 0 1 1 1 1 0 0   958 50 19.16
1 0 1 1 1 0 0 1 0 0 1 0 1 1 1 1 1 1 1 0 1 1 1 1 0 0   958 50 19.16
1 0 1 1 1 0 0 1 0 0 1 0 1 1 1 1 1 1 1 0 1 1 1 1 0 0   958 50 19.16
1 0 1 1 1 0 0 1 0 0 1 0 1 1 1 1 1 1 1 0 1 1 1 1 0 0   958 50 19.16
1 0 1 1 1 0 0 1 0 0 1 0 1 1 1 1 1 1 1 0 1 1 1 1 0 0   958 50 19.16
1 0 1 1 1 0 0 1 0 0 1 0 1 1 1 1 1 1 1 0 1 1 1 1 0 0   958 50 19.16
1 0 1 1 1 0 0 1 0 0 1 0 1 1 1 1 1 1 1 0 1 1 1 1 0 0   958 50 19.16
1 0 1 1 1 0 0 1 0 0 1 0 1 1 1 1 1 1 1 0 1 1 1 1 0 0   958 50 19.16
1 0 1 1 1 0 0 1 0 0 1 0 1 1 1 1 1 1 1 0 1 1 1 1 0 0   958 50 19.16
1 0 1 1 1 0 0 1 0 0 1 0 1 1 1 1 1 1 1 0 1 1 1 1 0 0   958 50 19.16
1 0 1 1 1 0 0 1 0 0 1 0 1 1 1 1 1 1 1 0 1 1 1 1 0 0   958 50 19.16
1 0 1 1 1 0 0 1 0 0 1 0 1 1 1 1 1 1 1 0 1 1 1 1 0 0   958 50 19.16
1 0 1 1 1 0 0 1 0 0 1 0 1 1 1 1 1 1 1 0 1 1 1 1 0 0   958 50 19.16
1 0 1 1 1 0 0 1 0 0 1 0 1 1 1 1 1 1 1 0 1 1 1 1 0 0   958 50 19.16
1 0 1 1 1 0 0 1 0 0 1 0 1 1 1 1 1 1 1 0 1 1 1 1 0 0   958 50 19.16
1 0 1 1 1 0 0 1 0 0 1 0 1 1 1 1 1 1 1 0 1 1 1 1 0 0   958 50 19.16
1 0 1 1 1 0 0 1 0 0 1 0 1 1 1 1 1 1 1 0 1 1 1 1 0 0   958 50 19.16
1 0 1 1 1 0 0 1 0 0 1 0 1 1 1 1 1 1 1 0 1 1 1 1 0 0   958 50 19.16
1 0 1 1 1 0 0 1 0 0 1 0 1 1 1 1 1 1 1 0 1 1 1 1 0 0   958 50 19.16
1 0 1 1 1 0 0 1 0 0 1 0 1 1 1 1 1 1 1 0 1 1 1 1 0 0   958 50 19.16
1 0 1 1 1 0 0 1 0 0 1 0 1 1 1 1 1 1 1 0 1 1 1 1 0 0   958 50 19.16
1 0 1 1 1 0 0 1 0 0 1 0 1 1 1 1 1 1 1 0 1 1 1 1 0 0   958 50 19.16
1 0 1 1 1 0 0 1 0 0 1 0 1 1 1 1 1 1 1 0 1 1 1 1 0 0   958 50 19.16
1 0 1 1 1 0 0 1 0 0 1 0 1 1 1 1 1 1 1 0 1 1 1 1 0 0   958 50 19.16
1 0 1 1 1 0 0 1 0 0 1 0 1 1 1 1 1 1 1 0 1 1 1 1 0 0   958 50 19.16
1 0 1 1 1 0 0 1 0 0 1 0 1 1 1 1 1 1 1 0 1 1 1 1 0 0   958 50 19.16
1 0 1 1 1 0 0 1 0 0 1 0 1 1 1 1 1 1 1 0 1 1 1 1 0 0   958 50 19.16
1 0 1 1 1 0 0 1 0 0 1 0 1 1 1 1 1 1 1 0 1 1 1 1 0 0   958 50 19.16
1 0 1 1 1 0 0 1 0 0 1 0 1 1 1 1 1 1 1 0 1 1 1 1 0 0   958 50 19.16
1 0 1 1 1 0 0 1 0 0 1 0 1 1 1 1 1 1 1 0 1 1 1 1 0 0   958 50 19.16
1 0 1 1 1 0 0 1 0 0 1 0 1 1 1 1 1 1 1 0 1 1 1 1 0 0   958 50 19.16
1 0 1 1 1 0 0 1 0 0 1 0 1 1 1 1 1 1 1 0 1 1 1 1 0 0   958 50 19.16
1 0 1 1 1 0 0 1 0 0 1 0 1 1 1 1 1 1 1 0 1 1 1 1 0 0   958 50 19.16
1 0 1 1 1 0 0 1 0 0 1 0 1 1 1 1 1 1 1 0 1 1 1 1 0 0   958 50 19.16
1 0 1 1 1 0 0 1 0 0 1 0 1 1 1 1 1 1 1 0 1 1 1 1 0 0   958 50 19.16
1 0 1 1 1 0 0 1 0 0 1 0 1 1 1 1 1 1 1 0 1 1 1 1 0 0   958 50 19.16
1 0 1 1 1 0 0 1 0 0 1 0 1 1 1 1 1 1 1 0 1 1 1 1 0 0   958 50 19.16
1 0 1 1 1 0 0 1 0 0 1 0 1 1 1 1 1 1 1 0 1 1 1 1 0 0   958 50 19.16
1 0 1 1 1 0 0 1 0 0 1 0 1 1 1 1 1 1 1 0 1 1 1 1 0 0   958 50 19.16
1 0 1 1 1 0 0 1 0 0 1 0 1 1 1 1 1 1 1 0 1 1 1 1 0 0   958 50 19.16
1 0 1 1 1 0 0 1 0 0 1 0 1 1 1 1 1 1 1 0 1 1 1 1 0 0   958 50 19.16
1 0 1 1 1 0 0 1 0 0 1 0 1 1 1 1 1 1 1 0 1 1 1 1 0 0   958 50 19.16
1 0 1 1 1 0 0 1 0 0 1 0 1 1 1 1 1 1 1 0 1 1 1 1 0 0   958 50 19.16
1 0 1 1 1 0 0 1 0 0 1 0 1 1 1 1 1 1 1 0 1 1 1 1 0 0   958 50 19.16
1 0 1 1 1 0 0 1 0 0 1 0 1 1 1 1 1 1 1 0 1 1 1 1 0 0   958 50 19.16
1 0 1 1 1 0 0 1 0 0 1 0 1 1 1 1 1 1 1 0 1 1 1 1 0 0   958 50 19.16
1 0 1 1 1 0 0 1 0 0 1 0 1 1 1 1 1 1 1 0 1 1 1 1 0 0   958 50 19.16
1 0 1 1 1 0 0 1 0 0 1 0 1 1 1 1 1 1 1 0 1 1 1 1 0 0   958 50 19.16
1 0 1 1 1 0 0 1 0 0 1 0 1 1 1 1 1 1 1 0 1 1 1 1 0 0   958 50 19.16
1 0 1 1 1 0 0 1 0 0 1 0 1 1 1 1 1 1 1 0 1 1 1 1 0 0   958 50 19.16
1 0 1 1 1 0 0 1 0 0 1 0 1 1 1 1 1 1 1 0 1 1 1 1 0 0   958 50 19.16
1 0 1 1 1 0 0 1 0 0 1 0 1 1 1 1 1 1 1 0 1 1 1 1 0 0   958 50 19.16
1 0 1 1 1 0 0 1 0 0 1 0 1 1 1 1 1 1 1 0 1 1 1 1 0 0   958 50 19.16
1 0 1 1 1 0 0 1 0 0 1 0 1 1 1 1 1 1 1 0 1 1 1 1 0 0   958 50 19.16
1 0 1 1 1 0 0 1 0 0 1 0 1 1 1 1 1 1 1 0 1 1 1 1 0 0   958 50 19.16
1 0 1 1 1 0 0 1 0 0 1 0 1 1 1 1 1 1 1 0 1 1 1 1 0 0   958 50 19.16
1 0 1 1 1 0 0 1 0 0 1 0 1 1 1 1 1 1 1 0 1 1 1 1 0 0   958 50 19.16
1 0 1 1 1 0 0 1 0 0 1 0 1 1 1 1 1 1 1 0 1 1 1 1 0 0   958 50 19.16
1 0 1 1 1 0 0 1 0 0 1 0 1 1 1 1 1 1 1 0 1 1 1 1 0 0   958 50 19.16
1 0 1 1 1 0 0 1 0 0 1 0 1 1 1 1 1 1 1 0 1 1 1 1 0 0   958 50 19.16
1 0 1 1 1 0 0 1 0 0 1 0 1 1 1 1 1 1 1 0 1 1 1 1 0 0   958 50 19.16
1 0 1 1 1 0 0 1 0 0 1 0 1 1 1 1 1 1 1 0 1 1 1 1 0 0   958 50 19.16
1 0 1 1 1 0 0 1 0 0 1 0 1 1 1 1 1 1 1 0 1 1 1 1 0 0   958 50 19.16
1 0 1 1 1 0 0 1 0 0 1 0 1 1 1 1 1 1 1 0 1 1 1 1 0 0   958 50 19.16
1 0 1 1 1 0 0 1 0 0 1 0 1 1 1 1 1 1 1 0 1 1 1 1 0 0   958 50 19.16
1 0 1 1 1 0 0 1 0 0 1 0 1 1 1 1 1 1 1 0 1 1 1 1 0 0   958 50 19.16
1 0 1 1 1 0 0 1 0 0 1 0 1 1 1 1 1 1 1 0 1 1 1 1 0 0   958 50 19.16
1 0 1 1 1 0 0 1 0 0 1 0 1 1 1 1 1 1 1 0 1 1 1 1 0 0   958 50 19.16
1 0 1 1 1 0 0 1 0 0 1 0 1 1 1 1 1 1 1 0 1 1 1 1 0 0   958 50 19.16
1 0 1 1 1 0 0 1 0 0 1 0 1 1 1 1 1 1 1 0 1 1 1 1 0 0   958 50 19.16
1 0 1 1 1 0 0 1 0 0 1 0 1 1 1 1 1 1 1 0 1 1 1 1 0 0   958 50 19.16
1 0 1 1 1 0 0 1 0 0 1 0 1 1 1 1 1 1 1 0 1 1 1 1 0 0   958 50 19.16
1 0 1 1 1 0 0 1 0 0 1 0 1 1 1 1 1 1 1 0 1 1 1 1 0 0   958 50 19.16
1 0 1 1 1 0 0 1 0 0 1 0 1 1 1 1 1 1 1 0 1 1 1 1 0 0   958 50 19.16
1 0 1 1 1 0 0 1 0 0 1 0 1 1 1 1 1 1 1 0 1 1 1 1 0 0   958 50 19.16
1 0 1 1 1 0 0 1 0 0 1 0 1 1 1 1 1 1 1 0 1 1 1 1 0 0   958 50 19.16
1 0 1 1 1 0 0 1 0 0 1 0 1 1 1 1 1 1 1 0 1 1 1 1 0 0   958 50 19.16
1 0 1 1 1 0 0 1 0 0 1 0 1 1 1 1 1 1 1 0 1 1 1 1 0 0   958 50 19.16
1 0 1 1 1 0 0 1 0 0 1 0 1 1 1 1 1 1 1 0 1 1 1 1 0 0   958 50 19.16
1 0 1 1 1 0 0 1 0 0 1 0 1 1 1 1 1 1 1 0 1 1 1 1 0 0   958 50 19.16
1 0 1 1 1 0 0 1 0 0 1 0 1 1 1 1 1 1 1 0 1 1 1 1 0 0   958 50 19.16
1 0 1 1 1 0 0 1 0 0 1 0 1 1 1 1 1 1 1 0 1 1 1 1 0 0   958 50 19.16
1 0 1 1 1 0 0 1 0 0 1 0 1 1 1 1 1 1 1 0 1 1 1 1 0 0   958 50 19.16
1 0 1 1 1 0 0 1 0 0 1 0 1 1 1 1 1 1 1 0 1 1 1 1 0 0   958 50 19.16
1 0 1 1 1 0 0 1 0 0 1 0 1 1 1 1 1 1 1 0 1 1 1 1 0 0   958 50 19.16
1 0 1 1 1 0 0 1 0 0 1 0 1 1 1 1 1 1 1 0 1 1 1 1 0 0   958 50 19.16
1 0 1 1 1 0 0 1 0 0 1 0 1 1 1 1 1 1 1 0 1 1 1 1 0 0   958 50 19.16
1 0 1 1 1 0 0 1 0 0 1 0 1 1 1 1 1 1 1 0 1 1 1 1 0 0   958 50 19.16
1 0 1 1 1 0 0 1 0 0 1 0 1 1 1 1 1 1 1 0 1 1 1 1 0 0   958 50 19.16
1 0 1 1 1 0 0 1 0 0 1 0 1 1 1 1 1 1 1 0 1 1 1 1 0 0   958 50 19.16
1 0 1 1 1 0 0 1 0 0 1 0 1 1 1 1 1 1 1 0 1 1 1 1 0 0   958 50 19.16
1 0 1 1 1 0 0 1 0 0 1 0 1 1 1 1 1 1 1 0 1 1 1 1 0 0   958 50 19.16
1 0 1 1 1 0 0 1 0 0 1 0 1 1 1 1 1 1 1 0 1 1 1 1 0 0   958 50 19.16
1 0 1 1 1 0 0 1 0 0 1 0 1 1 1 1 1 1 1 0 1 1 1 1 0 0   958 50 19.16
1 0 1 1 1 0 0 1 0 0 1 0 1 1 1 1 1 1 1 0 1 1 1 1 0 0   958 50 19.16
1 0 1 1 1 0 0 1 0 0 1 0 1 1 1 1 1 1 1 0 1 1 1 1 0 0   958 50 19.16
1 0 1 1 1 0 0 1 0 0 1 0 1 1 1 1 1 1 1 0 1 1 1 1 0 0   958 50 19.16
1 0 1 1 1 0 0 1 0 0 1 0 1 1 1 1 1 1 1 0 1 1 1 1 0 0   958 50 19.16
1 0 1 1 1 0 0 1 0 0 1 0 1 1 1 1 1 1 1 0 1 1 1 1 0 0   958 50 19.16
1 0 1 1 1 0 0 1 0 0 1 0 1 1 1 1 1 1 1 0 1 1 1 1 0 0   958 50 19.16
1 0 1 1 1 0 0 1 0 0 1 0 1 1 1 1 1 1 1 0 1 1 1 1 0 0   958 50 19.16
1 0 1 1 1 0 0 1 0 0 1 0 1 1 1 1 1 1 1 0 1 1 1 1 0 0   958 50 19.16
1 0 1 1 1 0 0 1 0 0 1 0 1 1 1 1 1 1 1 0 1 1 1 1 0 0   958 50 19.16
1 0 1 1 1 0 0 1 0 0 1 0 1 1 1 1 1 1 1 0 1 1 1 1 0 0   958 50 19.16
1 0 1 1 1 0 0 1 0 0 1 0 1 1 1 1 1 1 1 0 1 1 1 1 0 0   958 50 19.16
1 0 1 1 1 0 0 1 0 0 1 0 1 1 1 1 1 1 1 0 1 1 1 1 0 0   958 50 19.16
1 0 1 1 1 0 0 1 0 0 1 0 1 1 1 1 1 1 1 0 1 1 1 1 0 0   958 50 19.16
1 0 1 1 1 0 0 1 0 0 1 0 1 1 1 1 1 1 1 0 1 1 1 1 0 0   958 50 19.16
1 0 1 1 1 0 0 1 0 0 1 0 1 1 1 1 1 1 1 0 1 1 1 1 0 0   958 50 19.16
1 0 1 1 1 0 0 1 0 0 1 0 1 1 1 1 1 1 1 0 1 1 1 1 0 0   958 50 19.16
1 0 1 1 1 0 0 1 0 0 1 0 1 1 1 1 1 1 1 0 1 1 1 1 0 0   958 50 19.16
1 0 1 1 1 0 0 1 0 0 1 0 1 1 1 1 1 1 1 0 1 1 1 1 0 0   958 50 19.16
1 0 1 1 1 0 0 1 0 0 1 0 1 1 1 1 1 1 1 0 1 1 1 1 0 0   958 50 19.16
1 0 1 1 1 0 0 1 0 0 1 0 1 1 1 1 1 1 1 0 1 1 1 1 0 0   958 50 19.16
1 0 1 1 1 0 0 1 0 0 1 0 1 1 1 1 1 1 1 0 1 1 1 1 0 0   958 50 19.16
1 0 1 1 1 0 0 1 0 0 1 0 1 1 1 1 1 1 1 0 1 1 1 1 0 0   958 50 19.16
1 0 1 1 1 0 0 1 0 0 1 0 1 1 1 1 1 1 1 0 1 1 1 1 0 0   958 50 19.16
1 0 1 1 1 0 0 1 0 0 1 0 1 1 1 1 1 1 1 0 1 1 1 1 0 0   958 50 19.16
1 0 1 1 1 0 0 1 0 0 1 0 1 1 1 1 1 1 1 0 1 1 1 1 0 0   958 50 19.16
1 0 1 1 1 0 0 1 0 0 1 0 1 1 1 1 1 1 1 0 1 1 1 1 0 0   958 50 19.16
1 0 1 1 1 0 0 1 0 0 1 0 1 1 1 1 1 1 1 0 1 1 1 1 0 0   958 50 19.16
1 0 1 1 1 0 0 1 0 0 1 0 1 1 1 1 1 1 1 0 1 1 1 1 0 0   958 50 19.16
1 0 1 1 1 0 0 1 0 0 1 0 1 1 1 1 1 1 1 0 1 1 1 1 0 0   958 50 19.16
1 0 1 1 1 0 0 1 0 0 1 0 1 1 1 1 1 1 1 0 1 1 1 1 0 0   958 50 19.16
1 0 1 1 1 0 0 1 0 0 1 0 1 1 1 1 1 1 1 0 1 1 1 1 0 0   958 50 19.16
1 0 1 1 1 0 0 1 0 0 1 0 1 1 1 1 1 1 1 0 1 1 1 1 0 0   958 50 19.16
1 0 1 1 1 0 0 1 0 0 1 0 1 1 1 1 1 1 1 0 1 1 1 1 0 0   958 50 19.16
1 0 1 1 1 0 0 1 0 0 1 0 1 1 1 1 1 1 1 0 1 1 1 1 0 0   958 50 19.16
1 0 1 1 1 0 0 1 0 0 1 0 1 1 1 1 1 1 1 0 1 1 1 1 0 0   958 50 19.16
1 0 1 1 1 0 0 1 0 0 1 0 1 1 1 1 1 1 1 0 1 1 1 1 0 0   958 50 19.16
1 0 1 1 1 0 0 1 0 0 1 0 1 1 1 1 1 1 1 0 1 1 1 1 0 0   958 50 19.16
1 0 1 1 1 0 0 1 0 0 1 0 1 1 1 1 1 1 1 0 1 1 1 1 0 0   958 50 19.16
1 0 1 1 1 0 0 1 0 0 1 0 1 1 1 1 1 1 1 0 1 1 1 1 0 0   958 50 19.16
1 0 1 1 1 0 0 1 0 0 1 0 1 1 1 1 1 1 1 0 1 1 1 1 0 0   958 50 19.16
1 0 1 1 1 0 0 1 0 0 1 0 1 1 1 1 1 1 1 0 1 1 1 1 0 0   958 50 19.16
1 0 1 1 1 0 0 1 0 0 1 0 1 1 1 1 1 1 1 0 1 1 1 1 0 0   958 50 19.16
1 0 1 1 1 0 0 1 0 0 1 0 1 1 1 1 1 1 1 0 1 1 1 1 0 0   958 50 19.16
1 0 1 1 1 0 0 1 0 0 1 0 1 1 1 1 1 1 1 0 1 1 1 1 0 0   958 50 19.16
1 0 1 1 1 0 0 1 0 0 1 0 1 1 1 1 1 1 1 0 1 1 1 1 0 0   958 50 19.16
1 0 1 1 1 0 0 1 0 0 1 0 1 1 1 1 1 1 1 0 1 1 1 1 0 0   958 50 19.16
1 0 1 1 1 0 0 1 0 0 1 0 1 1 1 1 1 1 1 0 1 1 1 1 0 0   958 50 19.16
1 0 1 1 1 0 0 1 0 0 1 0 1 1 1 1 1 1 1 0 1 1 1 1 0 0   958 50 19.16
1 0 1 1 1 0 0 1 0 0 1 0 1 1 1 1 1 1 1 0 1 1 1 1 0 0   958 50 19.16
1 0 1 1 1 0 0 1 0 0 1 0 1 1 1 1 1 1 1 0 1 1 1 1 0 0   958 50 19.16
1 0 1 1 1 0 0 1 0 0 1 0 1 1 1 1 1 1 1 0 1 1 1 1 0 0   958 50 19.16
1 0 1 1 1 0 0 1 0 0 1 0 1 1 1 1 1 1 1 0 1 1 1 1 0 0   958 50 19.16
1 0 1 1 1 0 0 1 0 0 1 0 1 1 1 1 1 1 1 0 1 1 1 1 0 0   958 50 19.16
1 0 1 1 1 0 0 1 0 0 1 0 1 1 1 1 1 1 1 0 1 1 1 1 0 0   958 50 19.16
1 0 1 1 1 0 0 1 0 0 1 0 1 1 1 1 1 1 1 0 1 1 1 1 0 0   958 50 19.16
1 0 1 1 1 0 0 1 0 0 1 0 1 1 1 1 1 1 1 0 1 1 1 1 0 0   958 50 19.16
1 0 1 1 1 0 0 1 0 0 1 0 1 1 1 1 1 1 1 0 1 1 1 1 0 0   958 50 19.16
1 0 1 1 1 0 0 1 0 0 1 0 1 1 1 1 1 1 1 0 1 1 1 1 0 0   958 50 19.16
1 0 1 1 1 0 0 1 0 0 1 0 1 1 1 1 1 1 1 0 1 1 1 1 0 0   958 50 19.16
1 0 1 1 1 0 0 1 0 0 1 0 1 1 1 1 1 1 1 0 1 1 1 1 0 0   958 50 19.16
1 0 1 1 1 0 0 1 0 0 1 0 1 1 1 1 1 1 1 0 1 1 1 1 0 0   958 50 19.16
1 0 1 1 1 0 0 1 0 0 1 0 1 1 1 1 1 1 1 0 1 1 1 1 0 0   958 50 19.16
1 0 1 1 1 0 0 1 0 0 1 0 1 1 1 1 1 1 1 0 1 1 1 1 0 0   958 50 19.16
1 0 1 1 1 0 0 1 0 0 1 0 1 1 1 1 1 1 1 0 1 1 1 1 0 0   958 50 19.16
1 0 1 1 1 0 0 1 0 0 1 0 1 1 1 1 1 1 1 0 1 1 1 1 0 0   958 50 19.16
1 0 1 1 1 0 0 1 0 0 1 0 1 1 1 1 1 1 1 0 1 1 1 1 0 0   958 50 19.16
1 0 1 1 1 0 0 1 0 0 1 0 1 1 1 1 1 1 1 0 1 1 1 1 0 0   958 50 19.16
1 0 1 1 1 0 0 1 0 0 1 0 1 1 1 1 1 1 1 0 1 1 1 1 0 0   958 50 19.16
1 0 1 1 1 0 0 1 0 0 1 0 1 1 1 1 1 1 1 0 1 1 1 1 0 0   958 50 19.16
1 0 1 1 1 0 0 1 0 0 1 0 1 1 1 1 1 1 1 0 1 1 1 1 0 0   958 50 19.16
1 0 1 1 1 0 0 1 0 0 1 0 1 1 1 1 1 1 1 0 1 1 1 1 0 0   958 50 19.16
1 0 1 1 1 0 0 1 0 0 1 0 1 1 1 1 1 1 1 0 1 1 1 1 0 0   958 50 19.16
1 0 1 1 1 0 0 1 0 0 1 0 1 1 1 1 1 1 1 0 1 1 1 1 0 0   958 50 19.16
1 0 1 1 1 0 0 1 0 0 1 0 1 1 1 1 1 1 1 0 1 1 1 1 0 0   958 50 19.16
1 0 1 1 1 0 0 1 0 0 1 0 1 1 1 1 1 1 1 0 1 1 1 1 0 0   958 50 19.16
1 0 1 1 1 0 0 1 0 0 1 0 1 1 1 1 1 1 1 0 1 1 1 1 0 0   958 50 19.16
1 0 1 1 1 0 0 1 0 0 1 0 1 1 1 1 1 1 1 0 1 1 1 1 0 0   958 50 19.16
1 0 1 1 1 0 0 1 0 0 1 0 1 1 1 1 1 1 1 0 1 1 1 1 0 0   958 50 19.16
1 0 1 1 1 0 0 1 0 0 1 0 1 1 1 1 1 1 1 0 1 1 1 1 0 0   958 50 19.16
1 0 1 1 1 0 0 1 0 0 1 0 1 1 1 1 1 1 1 0 1 1 1 1 0 0   958 50 19.16
1 0 1 1 1 0 0 1 0 0 1 0 1 1 1 1 1 1 1 0 1 1 1 1 0 0   958 50 19.16
1 0 1 1 1 0 0 1 0 0 1 0 1 1 1 1 1 1 1 0 1 1 1 1 0 0   958 50 19.16
1 0 1 1 1 0 0 1 0 0 1 0 1 1 1 1 1 1 1 0 1 1 1 1 0 0   958 50 19.16
1 0 1 1 1 0 0 1 0 0 1 0 1 1 1 1 1 1 1 0 1 1 1 1 0 0   958 50 19.16
1 0 1 1 1 0 0 1 0 0 1 0 1 1 1 1 1 1 1 0 1 1 1 1 0 0   958 50 19.16
1 0 1 1 1 0 0 1 0 0 1 0 1 1 1 1 1 1 1 0 1 1 1 1 0 0   958 50 19.16
1 0 1 1 1 0 0 1 0 0 1 0 1 1 1 1 1 1 1 0 1 1 1 1 0 0   958 50 19.16
1 0 1 1 1 0 0 1 0 0 1 0 1 1 1 1 1 1 1 0 1 1 1 1 0 0   958 50 19.16
1 0 1 1 1 0 0 1 0 0 1 0 1 1 1 1 1 1 1 0 1 1 1 1 0 0   958 50 19.16
1 0 1 1 1 0 0 1 0 0 1 0 1 1 1 1 1 1 1 0 1 1 1 1 0 0   958 50 19.16
1 0 1 1 1 0 0 1 0 0 1 0 1 1 1 1 1 1 1 0 1 1 1 1 0 0   958 50 19.16
1 0 1 1 1 0 0 1 0 0 1 0 1 1 1 1 1 1 1 0 1 1 1 1 0 0   958 50 19.16
1 0 1 1 1 0 0 1 0 0 1 0 1 1 1 1 1 1 1 0 1 1 1 1 0 0   958 50 19.16
1 0 1 1 1 0 0 1 0 0 1 0 1 1 1 1 1 1 1 0 1 1 1 1 0 0   958 50 19.16
1 0 1 1 1 0 0 1 0 0 1 0 1 1 1 1 1 1 1 0 1 1 1 1 0 0   958 50 19.16
1 0 1 1 1 0 0 1 0 0 1 0 1 1 1 1 1 1 1 0 1 1 1 1 0 0   958 50 19.16
1 0 1 1 1 0 0 1 0 0 1 0 1 1 1 1 1 1 1 0 1 1 1 1 0 0   958 50 19.16
1 0 1 1 1 0 0 1 0 0 1 0 1 1 1 1 1 1 1 0 1 1 1 1 0 0   958 50 19.16
1 0 1 1 1 0 0 1 0 0 1 0 1 1 1 1 1 1 1 0 1 1 1 1 0 0   958 50 19.16
1 0 1 1 1 0 0 1 0 0 1 0 1 1 1 1 1 1 1 0 1 1 1 1 0 0   958 50 19.16
1 0 1 1 1 0 0 1 0 0 1 0 1 1 1 1 1 1 1 0 1 1 1 1 0 0   958 50 19.16
1 0 1 1 1 0 0 1 0 0 1 0 1 1 1 1 1 1 1 0 1 1 1 1 0 0   958 50 19.16
1 0 1 1 1 0 0 1 0 0 1 0 1 1 1 1 1 1 1 0 1 1 1 1 0 0   958 50 19.16
1 0 1 1 1 0 0 1 0 0 1 0 1 1 1 1 1 1 1 0 1 1 1 1 0 0   958 50 19.16
1 0 1 1 1 0 0 1 0 0 1 0 1 1 1 1 1 1 1 0 1 1 1 1 0 0   958 50 19.16
1 0 1 1 1 0 0 1 0 0 1 0 1 1 1 1 1 1 1 0 1 1 1 1 0 0   958 50 19.16
1 0 1 1 1 0 0 1 0 0 1 0 1 1 1 1 1 1 1 0 1 1 1 1 0 0   958 50 19.16
1 0 1 1 1 0 0 1 0 0 1 0 1 1 1 1 1 1 1 0 1 1 1 1 0 0   958 50 19.16
1 0 1 1 1 0 0 1 0 0 1 0 1 1 1 1 1 1 1 0 1 1 1 1 0 0   958 50 19.16
1 0 1 1 1 0 0 1 0 0 1 0 1 1 1 1 1 1 1 0 1 1 1 1 0 0   958 50 19.16
1 0 1 1 1 0 0 1 0 0 1 0 1 1 1 1 1 1 1 0 1 1 1 1 0 0   958 50 19.16
1 0 1 1 1 0 0 1 0 0 1 0 1 1 1 1 1 1 1 0 1 1 1 1 0 0   958 50 19.16
1 0 1 1 1 0 0 1 0 0 1 0 1 1 1 1 1 1 1 0 1 1 1 1 0 0   958 50 19.16
1 0 1 1 1 0 0 1 0 0 1 0 1 1 1 1 1 1 1 0 1 1 1 1 0 0   958 50 19.16
1 0 1 1 1 0 0 1 0 0 1 0 1 1 1 1 1 1 1 0 1 1 1 1 0 0   958 50 19.16
1 0 1 1 1 0 0 1 0 0 1 0 1 1 1 1 1 1 1 0 1 1 1 1 0 0   958 50 19.16
1 0 1 1 1 0 0 1 0 0 1 0 1 1 1 1 1 1 1 0 1 1 1 1 0 0   958 50 19.16
1 0 1 1 1 0 0 1 0 0 1 0 1 1 1 1 1 1 1 0 1 1 1 1 0 0   958 50 19.16
1 0 1 1 1 0 0 1 0 0 1 0 1 1 1 1 1 1 1 0 1 1 1 1 0 0   958 50 19.16
1 0 1 1 1 0 0 1 0 0 1 0 1 1 1 1 1 1 1 0 1 1 1 1 0 0   958 50 19.16
1 0 1 1 1 0 0 1 0 0 1 0 1 1 1 1 1 1 1 0 1 1 1 1 0 0   958 50 19.16
1 0 1 1 1 0 0 1 0 0 1 0 1 1 1 1 1 1 1 0 1 1 1 1 0 0   958 50 19.16
1 0 1 1 1 0 0 1 0 0 1 0 1 1 1 1 1 1 1 0 1 1 1 1 0 0   958 50 19.16
1 0 1 1 1 0 0 1 0 0 1 0 1 1 1 1 1 1 1 0 1 1 1 1 0 0   958 50 19.16
1 0 1 1 1 0 0 1 0 0 1 0 1 1 1 1 1 1 1 0 1 1 1 1 0 0   958 50 19.16
1 0 1 1 1 0 0 1 0 0 1 0 1 1 1 1 1 1 1 0 1 1 1 1 0 0   958 50 19.16
1 0 1 1 1 0 0 1 0 0 1 0 1 1 1 1 1 1 1 0 1 1 1 1 0 0   958 50 19.16
1 0 1 1 1 0 0 1 0 0 1 0 1 1 1 1 1 1 1 0 1 1 1 1 0 0   958 50 19.16
1 0 1 1 1 0 0 1 0 0 1 0 1 1 1 1 1 1 1 0 1 1 1 1 0 0   958 50 19.16
1 0 1 1 1 0 0 1 0 0 1 0 1 1 1 1 1 1 1 0 1 1 1 1 0 0   958 50 19.16
1 0 1 1 1 0 0 1 0 0 1 0 1 1 1 1 1 1 1 0 1 1 1 1 0 0   958 50 19.16
1 0 1 1 1 0 0 1 0 0 1 0 1 1 1 1 1 1 1 0 1 1 1 1 0 0   958 50 19.16
1 0 1 1 1 0 0 1 0 0 1 0 1 1 1 1 1 1 1 0 1 1 1 1 0 0   958 50 19.16
1 0 1 1 1 0 0 1 0 0 1 0 1 1 1 1 1 1 1 0 1 1 1 1 0 0   958 50 19.16
1 0 1 1 1 0 0 1 0 0 1 0 1 1 1 1 1 1 1 0 1 1 1 1 0 0   958 50 19.16
1 0 1 1 1 0 0 1 0 0 1 0 1 1 1 1 1 1 1 0 1 1 1 1 0 0   958 50 19.16
1 0 1 1 1 0 0 1 0 0 1 0 1 1 1 1 1 1 1 0 1 1 1 1 0 0   958 50 19.16
1 0 1 1 1 0 0 1 0 0 1 0 1 1 1 1 1 1 1 0 1 1 1 1 0 0   958 50 19.16
1 0 1 1 1 0 0 1 0 0 1 0 1 1 1 1 1 1 1 0 1 1 1 1 0 0   958 50 19.16
1 0 1 1 1 0 0 1 0 0 1 0 1 1 1 1 1 1 1 0 1 1 1 1 0 0   958 50 19.16
1 0 1 1 1 0 0 1 0 0 1 0 1 1 1 1 1 1 1 0 1 1 1 1 0 0   958 50 19.16
1 0 1 1 1 0 0 1 0 0 1 0 1 1 1 1 1 1 1 0 1 1 1 1 0 0   958 50 19.16
1 0 1 1 1 0 0 1 0 0 1 0 1 1 1 1 1 1 1 0 1 1 1 1 0 0   958 50 19.16
1 0 1 1 1 0 0 1 0 0 1 0 1 1 1 1 1 1 1 0 1 1 1 1 0 0   958 50 19.16
1 0 1 1 1 0 0 1 0 0 1 0 1 1 1 1 1 1 1 0 1 1 1 1 0 0   958 50 19.16
1 0 1 1 1 0 0 1 0 0 1 0 1 1 1 1 1 1 1 0 1 1 1 1 0 0   958 50 19.16
1 0 1 1 1 0 0 1 0 0 1 0 1 1 1 1 1 1 1 0 1 1 1 1 0 0   958 50 19.16
1 0 1 1 1 0 0 1 0 0 1 0 1 1 1 1 1 1 1 0 1 1 1 1 0 0   958 50 19.16
1 0 1 1 1 0 0 1 0 0 1 0 1 1 1 1 1 1 1 0 1 1 1 1 0 0   958 50 19.16
1 0 1 1 1 0 0 1 0 0 1 0 1 1 1 1 1 1 1 0 1 1 1 1 0 0   958 50 19.16
1 0 1 1 1 0 0 1 0 0 1 0 1 1 1 1 1 1 1 0 1 1 1 1 0 0   958 50 19.16
1 0 1 1 1 0 0 1 0 0 1 0 1 1 1 1 1 1 1 0 1 1 1 1 0 0   958 50 19.16
1 0 1 1 1 0 0 1 0 0 1 0 1 1 1 1 1 1 1 0 1 1 1 1 0 0   958 50 19.16
1 0 1 1 1 0 0 1 0 0 1 0 1 1 1 1 1 1 1 0 1 1 1 1 0 0   958 50 19.16
1 0 1 1 1 0 0 1 0 0 1 0 1 1 1 1 1 1 1 0 1 1 1 1 0 0   958 50 19.16
1 0 1 1 1 0 0 1 0 0 1 0 1 1 1 1 1 1 1 0 1 1 1 1 0 0   958 50 19.16
1 0 1 1 1 0 0 1 0 0 1 0 1 1 1 1 1 1 1 0 1 1 1 1 0 0   958 50 19.16
1 0 1 1 1 0 0 1 0 0 1 0 1 1 1 1 1 1 1 0 1 1 1 1 0 0   958 50 19.16
1 0 1 1 1 0 0 1 0 0 1 0 1 1 1 1 1 1 1 0 1 1 1 1 0 0   958 50 19.16
1 0 1 1 1 0 0 1 0 0 1 0 1 1 1 1 1 1 1 0 1 1 1 1 0 0   958 50 19.16
1 0 1 1 1 0 0 1 0 0 1 0 1 1 1 1 1 1 1 0 1 1 1 1 0 0   958 50 19.16
1 0 1 1 1 0 0 1 0 0 1 0 1 1 1 1 1 1 1 0 1 1 1 1 0 0   958 50 19.16
1 0 1 1 1 0 0 1 0 0 1 0 1 1 1 1 1 1 1 0 1 1 1 1 0 0   958 50 19.16
1 0 1 1 1 0 0 1 0 0 1 0 1 1 1 1 1 1 1 0 1 1 1 1 0 0   958 50 19.16
1 0 1 1 1 0 0 1 0 0 1 0 1 1 1 1 1 1 1 0 1 1 1 1 0 0   958 50 19.16
1 0 1 1 1 0 0 1 0 0 1 0 1 1 1 1 1 1 1 0 1 1 1 1 0 0   958 50 19.16
1 0 1 1 1 0 0 1 0 0 1 0 1 1 1 1 1 1 1 0 1 1 1 1 0 0   958 50 19.16
1 0 1 1 1 0 0 1 0 0 1 0 1 1 1 1 1 1 1 0 1 1 1 1 0 0   958 50 19.16
1 0 1 1 1 0 0 1 0 0 1 0 1 1 1 1 1 1 1 0 1 1 1 1 0 0   958 50 19.16
1 0 1 1 1 0 0 1 0 0 1 0 1 1 1 1 1 1 1 0 1 1 1 1 0 0   958 50 19.16
1 0 1 1 1 0 0 1 0 0 1 0 1 1 1 1 1 1 1 0 1 1 1 1 0 0   958 50 19.16
1 0 1 1 1 0 0 1 0 0 1 0 1 1 1 1 1 1 1 0 1 1 1 1 0 0   958 50 19.16
1 0 1 1 1 0 0 1 0 0 1 0 1 1 1 1 1 1 1 0 1 1 1 1 0 0   958 50 19.16
1 0 1 1 1 0 0 1 0 0 1 0 1 1 1 1 1 1 1 0 1 1 1 1 0 0   958 50 19.16
1 0 1 1 1 0 0 1 0 0 1 0 1 1 1 1 1 1 1 0 1 1 1 1 0 0   958 50 19.16
1 0 1 1 1 0 0 1 0 0 1 0 1 1 1 1 1 1 1 0 1 1 1 1 0 0   958 50 19.16
1 0 1 1 1 0 0 1 0 0 1 0 1 1 1 1 1 1 1 0 1 1 1 1 0 0   958 50 19.16
1 0 1 1 1 0 0 1 0 0 1 0 1 1 1 1 1 1 1 0 1 1 1 1 0 0   958 50 19.16
1 0 1 1 1 0 0 1 0 0 1 0 1 1 1 1 1 1 1 0 1 1 1 1 0 0   958 50 19.16
1 0 1 1 1 0 0 1 0 0 1 0 1 1 1 1 1 1 1 0 1 1 1 1 0 0   958 50 19.16
1 0 1 1 1 0 0 1 0 0 1 0 1 1 1 1 1 1 1 0 1 1 1 1 0 0   958 50 19.16
1 0 1 1 1 0 0 1 0 0 1 0 1 1 1 1 1 1 1 0 1 1 1 1 0 0   958 50 19.16
1 0 1 1 1 0 0 1 0 0 1 0 1 1 1 1 1 1 1 0 1 1 1 1 0 0   958 50 19.16
1 0 1 1 1 0 0 1 0 0 1 0 1 1 1 1 1 1 1 0 1 1 1 1 0 0   958 50 19.16
1 0 1 1 1 0 0 1 0 0 1 0 1 1 1 1 1 1 1 0 1 1 1 1 0 0   958 50 19.16
1 0 1 1 1 0 0 1 0 0 1 0 1 1 1 1 1 1 1 0 1 1 1 1 0 0   958 50 19.16
1 0 1 1 1 0 0 1 0 0 1 0 1 1 1 1 1 1 1 0 1 1 1 1 0 0   958 50 19.16
1 0 1 1 1 0 0 1 0 0 1 0 1 1 1 1 1 1 1 0 1 1 1 1 0 0   958 50 19.16
1 0 1 1 1 0 0 1 0 0 1 0 1 1 1 1 1 1 1 0 1 1 1 1 0 0   958 50 19.16
1 0 1 1 1 0 0 1 0 0 1 0 1 1 1 1 1 1 1 0 1 1 1 1 0 0   958 50 19.16
1 0 1 1 1 0 0 1 0 0 1 0 1 1 1 1 1 1 1 0 1 1 1 1 0 0   958 50 19.16
1 0 1 1 1 0 0 1 0 0 1 0 1 1 1 1 1 1 1 0 1 1 1 1 0 0   958 50 19.16
1 0 1 1 1 0 0 1 0 0 1 0 1 1 1 1 1 1 1 0 1 1 1 1 0 0   958 50 19.16
1 0 1 1 1 0 0 1 0 0 1 0 1 1 1 1 1 1 1 0 1 1 1 1 0 0   958 50 19.16
1 0 1 1 1 0 0 1 0 0 1 0 1 1 1 1 1 1 1 0 1 1 1 1 0 0   958 50 19.16
1 0 1 1 1 0 0 1 0 0 1 0 1 1 1 1 1 1 1 0 1 1 1 1 0 0   958 50 19.16
1 0 1 1 1 0 0 1 0 0 1 0 1 1 1 1 1 1 1 0 1 1 1 1 0 0   958 50 19.16
1 0 1 1 1 0 0 1 0 0 1 0 1 1 1 1 1 1 1 0 1 1 1 1 0 0   958 50 19.16
1 0 1 1 1 0 0 1 0 0 1 0 1 1 1 1 1 1 1 0 1 1 1 1 0 0   958 50 19.16
1 0 1 1 1 0 0 1 0 0 1 0 1 1 1 1 1 1 1 0 1 1 1 1 0 0   958 50 19.16
1 0 1 1 1 0 0 1 0 0 1 0 1 1 1 1 1 1 1 0 1 1 1 1 0 0   958 50 19.16
1 0 1 1 1 0 0 1 0 0 1 0 1 1 1 1 1 1 1 0 1 1 1 1 0 0   958 50 19.16
1 0 1 1 1 0 0 1 0 0 1 0 1 1 1 1 1 1 1 0 1 1 1 1 0 0   958 50 19.16
1 0 1 1 1 0 0 1 0 0 1 0 1 1 1 1 1 1 1 0 1 1 1 1 0 0   958 50 19.16
1 0 1 1 1 0 0 1 0 0 1 0 1 1 1 1 1 1 1 0 1 1 1 1 0 0   958 50 19.16
1 0 1 1 1 0 0 1 0 0 1 0 1 1 1 1 1 1 1 0 1 1 1 1 0 0   958 50 19.16
1 0 1 1 1 0 0 1 0 0 1 0 1 1 1 1 1 1 1 0 1 1 1 1 0 0   958 50 19.16
1 0 1 1 1 0 0 1 0 0 1 0 1 1 1 1 1 1 1 0 1 1 1 1 0 0   958 50 19.16
1 0 1 1 1 0 0 1 0 0 1 0 1 1 1 1 1 1 1 0 1 1 1 1 0 0   958 50 19.16
1 0 1 1 1 0 0 1 0 0 1 0 1 1 1 1 1 1 1 0 1 1 1 1 0 0   958 50 19.16
1 0 1 1 1 0 0 1 0 0 1 0 1 1 1 1 1 1 1 0 1 1 1 1 0 0   958 50 19.16
1 0 1 1 1 0 0 1 0 0 1 0 1 1 1 1 1 1 1 0 1 1 1 1 0 0   958 50 19.16
1 0 1 1 1 0 0 1 0 0 1 0 1 1 1 1 1 1 1 0 1 1 1 1 0 0   958 50 19.16
1 0 1 1 1 0 0 1 0 0 1 0 1 1 1 1 1 1 1 0 1 1 1 1 0 0   958 50 19.16
1 0 1 1 1 0 0 1 0 0 1 0 1 1 1 1 1 1 1 0 1 1 1 1 0 0   958 50 19.16
1 0 1 1 1 0 0 1 0 0 1 0 1 1 1 1 1 1 1 0 1 1 1 1 0 0   958 50 19.16
1 0 1 1 1 0 0 1 0 0 1 0 1 1 1 1 1 1 1 0 1 1 1 1 0 0   958 50 19.16
1 0 1 1 1 0 0 1 0 0 1 0 1 1 1 1 1 1 1 0 1 1 1 1 0 0   958 50 19.16
1 0 1 1 1 0 0 1 0 0 1 0 1 1 1 1 1 1 1 0 1 1 1 1 0 0   958 50 19.16
1 0 1 1 1 0 0 1 0 0 1 0 1 1 1 1 1 1 1 0 1 1 1 1 0 0   958 50 19.16
1 0 1 1 1 0 0 1 0 0 1 0 1 1 1 1 1 1 1 0 1 1 1 1 0 0   958 50 19.16
1 0 1 1 1 0 0 1 0 0 1 0 1 1 1 1 1 1 1 0 1 1 1 1 0 0   958 50 19.16
1 0 1 1 1 0 0 1 0 0 1 0 1 1 1 1 1 1 1 0 1 1 1 1 0 0   958 50 19.16
1 0 1 1 1 0 0 1 0 0 1 0 1 1 1 1 1 1 1 0 1 1 1 1 0 0   958 50 19.16
1 0 1 1 1 0 0 1 0 0 1 0 1 1 1 1 1 1 1 0 1 1 1 1 0 0   958 50 19.16
1 0 1 1 1 0 0 1 0 0 1 0 1 1 1 1 1 1 1 0 1 1 1 1 0 0   958 50 19.16
1 0 1 1 1 0 0 1 0 0 1 0 1 1 1 1 1 1 1 0 1 1 1 1 0 0   958 50 19.16
1 0 1 1 1 0 0 1 0 0 1 0 1 1 1 1 1 1 1 0 1 1 1 1 0 0   958 50 19.16
1 0 1 1 1 0 0 1 0 0 1 0 1 1 1 1 1 1 1 0 1 1 1 1 0 0   958 50 19.16
1 0 1 1 1 0 0 1 0 0 1 0 1 1 1 1 1 1 1 0 1 1 1 1 0 0   958 50 19.16
1 0 1 1 1 0 0 1 0 0 1 0 1 1 1 1 1 1 1 0 1 1 1 1 0 0   958 50 19.16
1 0 1 1 1 0 0 1 0 0 1 0 1 1 1 1 1 1 1 0 1 1 1 1 0 0   958 50 19.16
1 0 1 1 1 0 0 1 0 0 1 0 1 1 1 1 1 1 1 0 1 1 1 1 0 0   958 50 19.16
1 0 1 1 1 0 0 1 0 0 1 0 1 1 1 1 1 1 1 0 1 1 1 1 0 0   958 50 19.16
1 0 1 1 1 0 0 1 0 0 1 0 1 1 1 1 1 1 1 0 1 1 1 1 0 0   958 50 19.16
1 0 1 1 1 0 0 1 0 0 1 0 1 1 1 1 1 1 1 0 1 1 1 1 0 0   958 50 19.16
1 0 1 1 1 0 0 1 0 0 1 0 1 1 1 1 1 1 1 0 1 1 1 1 0 0   958 50 19.16
1 0 1 1 1 0 0 1 0 0 1 0 1 1 1 1 1 1 1 0 1 1 1 1 0 0   958 50 19.16
1 0 1 1 1 0 0 1 0 0 1 0 1 1 1 1 1 1 1 0 1 1 1 1 0 0   958 50 19.16
1 0 1 1 1 0 0 1 0 0 1 0 1 1 1 1 1 1 1 0 1 1 1 1 0 0   958 50 19.16
1 0 1 1 1 0 0 1 0 0 1 0 1 1 1 1 1 1 1 0 1 1 1 1 0 0   958 50 19.16
1 0 1 1 1 0 0 1 0 0 1 0 1 1 1 1 1 1 1 0 1 1 1 1 0 0   958 50 19.16
1 0 1 1 1 0 0 1 0 0 1 0 1 1 1 1 1 1 1 0 1 1 1 1 0 0   958 50 19.16
1 0 1 1 1 0 0 1 0 0 1 0 1 1 1 1 1 1 1 0 1 1 1 1 0 0   958 50 19.16
1 0 1 1 1 0 0 1 0 0 1 0 1 1 1 1 1 1 1 0 1 1 1 1 0 0   958 50 19.16
1 0 1 1 1 0 0 1 0 0 1 0 1 1 1 1 1 1 1 0 1 1 1 1 0 0   958 50 19.16
1 0 1 1 1 0 0 1 0 0 1 0 1 1 1 1 1 1 1 0 1 1 1 1 0 0   958 50 19.16
1 0 1 1 1 0 0 1 0 0 1 0 1 1 1 1 1 1 1 0 1 1 1 1 0 0   958 50 19.16
1 0 1 1 1 0 0 1 0 0 1 0 1 1 1 1 1 1 1 0 1 1 1 1 0 0   958 50 19.16
1 0 1 1 1 0 0 1 0 0 1 0 1 1 1 1 1 1 1 0 1 1 1 1 0 0   958 50 19.16
1 0 1 1 1 0 0 1 0 0 1 0 1 1 1 1 1 1 1 0 1 1 1 1 0 0   958 50 19.16
1 0 1 1 1 0 0 1 0 0 1 0 1 1 1 1 1 1 1 0 1 1 1 1 0 0   958 50 19.16
1 0 1 1 1 0 0 1 0 0 1 0 1 1 1 1 1 1 1 0 1 1 1 1 0 0   958 50 19.16
1 0 1 1 1 0 0 1 0 0 1 0 1 1 1 1 1 1 1 0 1 1 1 1 0 0   958 50 19.16
1 0 1 1 1 0 0 1 0 0 1 0 1 1 1 1 1 1 1 0 1 1 1 1 0 0   958 50 19.16
1 0 1 1 1 0 0 1 0 0 1 0 1 1 1 1 1 1 1 0 1 1 1 1 0 0   958 50 19.16
1 0 1 1 1 0 0 1 0 0 1 0 1 1 1 1 1 1 1 0 1 1 1 1 0 0   958 50 19.16
1 0 1 1 1 0 0 1 0 0 1 0 1 1 1 1 1 1 1 0 1 1 1 1 0 0   958 50 19.16
1 0 1 1 1 0 0 1 0 0 1 0 1 1 1 1 1 1 1 0 1 1 1 1 0 0   958 50 19.16
1 0 1 1 1 0 0 1 0 0 1 0 1 1 1 1 1 1 1 0 1 1 1 1 0 0   958 50 19.16
1 0 1 1 1 0 0 1 0 0 1 0 1 1 1 1 1 1 1 0 1 1 1 1 0 0   958 50 19.16
1 0 1 1 1 0 0 1 0 0 1 0 1 1 1 1 1 1 1 0 1 1 1 1 0 0   958 50 19.16
1 0 1 1 1 0 0 1 0 0 1 0 1 1 1 1 1 1 1 0 1 1 1 1 0 0   958 50 19.16
1 0 1 1 1 0 0 1 0 0 1 0 1 1 1 1 1 1 1 0 1 1 1 1 0 0   958 50 19.16
1 0 1 1 1 0 0 1 0 0 1 0 1 1 1 1 1 1 1 0 1 1 1 1 0 0   958 50 19.16
1 0 1 1 1 0 0 1 0 0 1 0 1 1 1 1 1 1 1 0 1 1 1 1 0 0   958 50 19.16
1 0 1 1 1 0 0 1 0 0 1 0 1 1 1 1 1 1 1 0 1 1 1 1 0 0   958 50 19.16
1 0 1 1 1 0 0 1 0 0 1 0 1 1 1 1 1 1 1 0 1 1 1 1 0 0   958 50 19.16
1 0 1 1 1 0 0 1 0 0 1 0 1 1 1 1 1 1 1 0 1 1 1 1 0 0   958 50 19.16
1 0 1 1 1 0 0 1 0 0 1 0 1 1 1 1 1 1 1 0 1 1 1 1 0 0   958 50 19.16
1 0 1 1 1 0 0 1 0 0 1 0 1 1 1 1 1 1 1 0 1 1 1 1 0 0   958 50 19.16
1 0 1 1 1 0 0 1 0 0 1 0 1 1 1 1 1 1 1 0 1 1 1 1 0 0   958 50 19.16
1 0 1 1 1 0 0 1 0 0 1 0 1 1 1 1 1 1 1 0 1 1 1 1 0 0   958 50 19.16
1 0 1 1 1 0 0 1 0 0 1 0 1 1 1 1 1 1 1 0 1 1 1 1 0 0   958 50 19.16
1 0 1 1 1 0 0 1 0 0 1 0 1 1 1 1 1 1 1 0 1 1 1 1 0 0   958 50 19.16
1 0 1 1 1 0 0 1 0 0 1 0 1 1 1 1 1 1 1 0 1 1 1 1 0 0   958 50 19.16
1 0 1 1 1 0 0 1 0 0 1 0 1 1 1 1 1 1 1 0 1 1 1 1 0 0   958 50 19.16
1 0 1 1 1 0 0 1 0 0 1 0 1 1 1 1 1 1 1 0 1 1 1 1 0 0   958 50 19.16
1 0 1 1 1 0 0 1 0 0 1 0 1 1 1 1 1 1 1 0 1 1 1 1 0 0   958 50 19.16
1 0 1 1 1 0 0 1 0 0 1 0 1 1 1 1 1 1 1 0 1 1 1 1 0 0   958 50 19.16
1 0 1 1 1 0 0 1 0 0 1 0 1 1 1 1 1 1 1 0 1 1 1 1 0 0   958 50 19.16
1 0 1 1 1 0 0 1 0 0 1 0 1 1 1 1 1 1 1 0 1 1 1 1 0 0   958 50 19.16
1 0 1 1 1 0 0 1 0 0 1 0 1 1 1 1 1 1 1 0 1 1 1 1 0 0   958 50 19.16
1 0 1 1 1 0 0 1 0 0 1 0 1 1 1 1 1 1 1 0 1 1 1 1 0 0   958 50 19.16
1 0 1 1 1 0 0 1 0 0 1 0 1 1 1 1 1 1 1 0 1 1 1 1 0 0   958 50 19.16
1 0 1 1 1 0 0 1 0 0 1 0 1 1 1 1 1 1 1 0 1 1 1 1 0 0   958 50 19.16
1 0 1 1 1 0 0 1 0 0 1 0 1 1 1 1 1 1 1 0 1 1 1 1 0 0   958 50 19.16
1 0 1 1 1 0 0 1 0 0 1 0 1 1 1 1 1 1 1 0 1 1 1 1 0 0   958 50 19.16
1 0 1 1 1 0 0 1 0 0 1 0 1 1 1 1 1 1 1 0 1 1 1 1 0 0   958 50 19.16
1 0 1 1 1 0 0 1 0 0 1 0 1 1 1 1 1 1 1 0 1 1 1 1 0 0   958 50 19.16
1 0 1 1 1 0 0 1 0 0 1 0 1 1 1 1 1 1 1 0 1 1 1 1 0 0   958 50 19.16
1 0 1 1 1 0 0 1 0 0 1 0 1 1 1 1 1 1 1 0 1 1 1 1 0 0   958 50 19.16
1 0 1 1 1 0 0 1 0 0 1 0 1 1 1 1 1 1 1 0 1 1 1 1 0 0   958 50 19.16
1 0 1 1 1 0 0 1 0 0 1 0 1 1 1 1 1 1 1 0 1 1 1 1 0 0   958 50 19.16
1 0 1 1 1 0 0 1 0 0 1 0 1 1 1 1 1 1 1 0 1 1 1 1 0 0   958 50 19.16
1 0 1 1 1 0 0 1 0 0 1 0 1 1 1 1 1 1 1 0 1 1 1 1 0 0   958 50 19.16
1 0 1 1 1 0 0 1 0 0 1 0 1 1 1 1 1 1 1 0 1 1 1 1 0 0   958 50 19.16
1 0 1 1 1 0 0 1 0 0 1 0 1 1 1 1 1 1 1 0 1 1 1 1 0 0   958 50 19.16
1 0 1 1 1 0 0 1 0 0 1 0 1 1 1 1 1 1 1 0 1 1 1 1 0 0   958 50 19.16
1 0 1 1 1 0 0 1 0 0 1 0 1 1 1 1 1 1 1 0 1 1 1 1 0 0   958 50 19.16
1 0 1 1 1 0 0 1 0 0 1 0 1 1 1 1 1 1 1 0 1 1 1 1 0 0   958 50 19.16
1 0 1 1 1 0 0 1 0 0 1 0 1 1 1 1 1 1 1 0 1 1 1 1 0 0   958 50 19.16
1 0 1 1 1 0 0 1 0 0 1 0 1 1 1 1 1 1 1 0 1 1 1 1 0 0   958 50 19.16
1 0 1 1 1 0 0 1 0 0 1 0 1 1 1 1 1 1 1 0 1 1 1 1 0 0   958 50 19.16
1 0 1 1 1 0 0 1 0 0 1 0 1 1 1 1 1 1 1 0 1 1 1 1 0 0   958 50 19.16
1 0 1 1 1 0 0 1 0 0 1 0 1 1 1 1 1 1 1 0 1 1 1 1 0 0   958 50 19.16
1 0 1 1 1 0 0 1 0 0 1 0 1 1 1 1 1 1 1 0 1 1 1 1 0 0   958 50 19.16
1 0 1 1 1 0 0 1 0 0 1 0 1 1 1 1 1 1 1 0 1 1 1 1 0 0   958 50 19.16
1 0 1 1 1 0 0 1 0 0 1 0 1 1 1 1 1 1 1 0 1 1 1 1 0 0   958 50 19.16
1 0 1 1 1 0 0 1 0 0 1 0 1 1 1 1 1 1 1 0 1 1 1 1 0 0   958 50 19.16
1 0 1 1 1 0 0 1 0 0 1 0 1 1 1 1 1 1 1 0 1 1 1 1 0 0   958 50 19.16
1 0 1 1 1 0 0 1 0 0 1 0 1 1 1 1 1 1 1 0 1 1 1 1 0 0   958 50 19.16
1 0 1 1 1 0 0 1 0 0 1 0 1 1 1 1 1 1 1 0 1 1 1 1 0 0   958 50 19.16
1 0 1 1 1 0 0 1 0 0 1 0 1 1 1 1 1 1 1 0 1 1 1 1 0 0   958 50 19.16
1 0 1 1 1 0 0 1 0 0 1 0 1 1 1 1 1 1 1 0 1 1 1 1 0 0   958 50 19.16
1 0 1 1 1 0 0 1 0 0 1 0 1 1 1 1 1 1 1 0 1 1 1 1 0 0   958 50 19.16
1 0 1 1 1 0 0 1 0 0 1 0 1 1 1 1 1 1 1 0 1 1 1 1 0 0   958 50 19.16
1 0 1 1 1 0 0 1 0 0 1 0 1 1 1 1 1 1 1 0 1 1 1 1 0 0   958 50 19.16
1 0 1 1 1 0 0 1 0 0 1 0 1 1 1 1 1 1 1 0 1 1 1 1 0 0   958 50 19.16
1 0 1 1 1 0 0 1 0 0 1 0 1 1 1 1 1 1 1 0 1 1 1 1 0 0   958 50 19.16
1 0 1 1 1 0 0 1 0 0 1 0 1 1 1 1 1 1 1 0 1 1 1 1 0 0   958 50 19.16
1 0 1 1 1 0 0 1 0 0 1 0 1 1 1 1 1 1 1 0 1 1 1 1 0 0   958 50 19.16
1 0 1 1 1 0 0 1 0 0 1 0 1 1 1 1 1 1 1 0 1 1 1 1 0 0   958 50 19.16
1 0 1 1 1 0 0 1 0 0 1 0 1 1 1 1 1 1 1 0 1 1 1 1 0 0   958 50 19.16
1 0 1 1 1 0 0 1 0 0 1 0 1 1 1 1 1 1 1 0 1 1 1 1 0 0   958 50 19.16
1 0 1 1 1 0 0 1 0 0 1 0 1 1 1 1 1 1 1 0 1 1 1 1 0 0   958 50 19.16
1 0 1 1 1 0 0 1 0 0 1 0 1 1 1 1 1 1 1 0 1 1 1 1 0 0   958 50 19.16
1 0 1 1 1 0 0 1 0 0 1 0 1 1 1 1 1 1 1 0 1 1 1 1 0 0   958 50 19.16
1 0 1 1 1 0 0 1 0 0 1 0 1 1 1 1 1 1 1 0 1 1 1 1 0 0   958 50 19.16
1 0 1 1 1 0 0 1 0 0 1 0 1 1 1 1 1 1 1 0 1 1 1 1 0 0   958 50 19.16
1 0 1 1 1 0 0 1 0 0 1 0 1 1 1 1 1 1 1 0 1 1 1 1 0 0   958 50 19.16
1 0 1 1 1 0 0 1 0 0 1 0 1 1 1 1 1 1 1 0 1 1 1 1 0 0   958 50 19.16
1 0 1 1 1 0 0 1 0 0 1 0 1 1 1 1 1 1 1 0 1 1 1 1 0 0   958 50 19.16
1 0 1 1 1 0 0 1 0 0 1 0 1 1 1 1 1 1 1 0 1 1 1 1 0 0   958 50 19.16
1 0 1 1 1 0 0 1 0 0 1 0 1 1 1 1 1 1 1 0 1 1 1 1 0 0   958 50 19.16
1 0 1 1 1 0 0 1 0 0 1 0 1 1 1 1 1 1 1 0 1 1 1 1 0 0   958 50 19.16
1 0 1 1 1 0 0 1 0 0 1 0 1 1 1 1 1 1 1 0 1 1 1 1 0 0   958 50 19.16
1 0 1 1 1 0 0 1 0 0 1 0 1 1 1 1 1 1 1 0 1 1 1 1 0 0   958 50 19.16
1 0 1 1 1 0 0 1 0 0 1 0 1 1 1 1 1 1 1 0 1 1 1 1 0 0   958 50 19.16
1 0 1 1 1 0 0 1 0 0 1 0 1 1 1 1 1 1 1 0 1 1 1 1 0 0   958 50 19.16
1 0 1 1 1 0 0 1 0 0 1 0 1 1 1 1 1 1 1 0 1 1 1 1 0 0   958 50 19.16
1 0 1 1 1 0 0 1 0 0 1 0 1 1 1 1 1 1 1 0 1 1 1 1 0 0   958 50 19.16
1 0 1 1 1 0 0 1 0 0 1 0 1 1 1 1 1 1 1 0 1 1 1 1 0 0   958 50 19.16
1 0 1 1 1 0 0 1 0 0 1 0 1 1 1 1 1 1 1 0 1 1 1 1 0 0   958 50 19.16
1 0 1 1 1 0 0 1 0 0 1 0 1 1 1 1 1 1 1 0 1 1 1 1 0 0   958 50 19.16
1 0 1 1 1 0 0 1 0 0 1 0 1 1 1 1 1 1 1 0 1 1 1 1 0 0   958 50 19.16
1 0 1 1 1 0 0 1 0 0 1 0 1 1 1 1 1 1 1 0 1 1 1 1 0 0   958 50 19.16
1 0 1 1 1 0 0 1 0 0 1 0 1 1 1 1 1 1 1 0 1 1 1 1 0 0   958 50 19.16
1 0 1 1 1 0 0 1 0 0 1 0 1 1 1 1 1 1 1 0 1 1 1 1 0 0   958 50 19.16
1 0 1 1 1 0 0 1 0 0 1 0 1 1 1 1 1 1 1 0 1 1 1 1 0 0   958 50 19.16
1 0 1 1 1 0 0 1 0 0 1 0 1 1 1 1 1 1 1 0 1 1 1 1 0 0   958 50 19.16
1 0 1 1 1 0 0 1 0 0 1 0 1 1 1 1 1 1 1 0 1 1 1 1 0 0   958 50 19.16
1 0 1 1 1 0 0 1 0 0 1 0 1 1 1 1 1 1 1 0 1 1 1 1 0 0   958 50 19.16
1 0 1 1 1 0 0 1 0 0 1 0 1 1 1 1 1 1 1 0 1 1 1 1 0 0   958 50 19.16
1 0 1 1 1 0 0 1 0 0 1 0 1 1 1 1 1 1 1 0 1 1 1 1 0 0   958 50 19.16
1 0 1 1 1 0 0 1 0 0 1 0 1 1 1 1 1 1 1 0 1 1 1 1 0 0   958 50 19.16
1 0 1 1 1 0 0 1 0 0 1 0 1 1 1 1 1 1 1 0 1 1 1 1 0 0   958 50 19.16
1 0 1 1 1 0 0 1 0 0 1 0 1 1 1 1 1 1 1 0 1 1 1 1 0 0   958 50 19.16
1 0 1 1 1 0 0 1 0 0 1 0 1 1 1 1 1 1 1 0 1 1 1 1 0 0   958 50 19.16
1 0 1 1 1 0 0 1 0 0 1 0 1 1 1 1 1 1 1 0 1 1 1 1 0 0   958 50 19.16
1 0 1 1 1 0 0 1 0 0 1 0 1 1 1 1 1 1 1 0 1 1 1 1 0 0   958 50 19.16
1 0 1 1 1 0 0 1 0 0 1 0 1 1 1 1 1 1 1 0 1 1 1 1 0 0   958 50 19.16
1 0 1 1 1 0 0 1 0 0 1 0 1 1 1 1 1 1 1 0 1 1 1 1 0 0   958 50 19.16
1 0 1 1 1 0 0 1 0 0 1 0 1 1 1 1 1 1 1 0 1 1 1 1 0 0   958 50 19.16
1 0 1 1 1 0 0 1 0 0 1 0 1 1 1 1 1 1 1 0 1 1 1 1 0 0   958 50 19.16
1 0 1 1 1 0 0 1 0 0 1 0 1 1 1 1 1 1 1 0 1 1 1 1 0 0   958 50 19.16
1 0 1 1 1 0 0 1 0 0 1 0 1 1 1 1 1 1 1 0 1 1 1 1 0 0   958 50 19.16
1 0 1 1 1 0 0 1 0 0 1 0 1 1 1 1 1 1 1 0 1 1 1 1 0 0   958 50 19.16
1 0 1 1 1 0 0 1 0 0 1 0 1 1 1 1 1 1 1 0 1 1 1 1 0 0   958 50 19.16
1 0 1 1 1 0 0 1 0 0 1 0 1 1 1 1 1 1 1 0 1 1 1 1 0 0   958 50 19.16
1 0 1 1 1 0 0 1 0 0 1 0 1 1 1 1 1 1 1 0 1 1 1 1 0 0   958 50 19.16
1 0 1 1 1 0 0 1 0 0 1 0 1 1 1 1 1 1 1 0 1 1 1 1 0 0   958 50 19.16
1 0 1 1 1 0 0 1 0 0 1 0 1 1 1 1 1 1 1 0 1 1 1 1 0 0   958 50 19.16
1 0 1 1 1 0 0 1 0 0 1 0 1 1 1 1 1 1 1 0 1 1 1 1 0 0   958 50 19.16
1 0 1 1 1 0 0 1 0 0 1 0 1 1 1 1 1 1 1 0 1 1 1 1 0 0   958 50 19.16
1 0 1 1 1 0 0 1 0 0 1 0 1 1 1 1 1 1 1 0 1 1 1 1 0 0   958 50 19.16
1 0 1 1 1 0 0 1 0 0 1 0 1 1 1 1 1 1 1 0 1 1 1 1 0 0   958 50 19.16
1 0 1 1 1 0 0 1 0 0 1 0 1 1 1 1 1 1 1 0 1 1 1 1 0 0   958 50 19.16
1 0 1 1 1 0 0 1 0 0 1 0 1 1 1 1 1 1 1 0 1 1 1 1 0 0   958 50 19.16
1 0 1 1 1 0 0 1 0 0 1 0 1 1 1 1 1 1 1 0 1 1 1 1 0 0   958 50 19.16
1 0 1 1 1 0 0 1 0 0 1 0 1 1 1 1 1 1 1 0 1 1 1 1 0 0   958 50 19.16
1 0 1 1 1 0 0 1 0 0 1 0 1 1 1 1 1 1 1 0 1 1 1 1 0 0   958 50 19.16
1 0 1 1 1 0 0 1 0 0 1 0 1 1 1 1 1 1 1 0 1 1 1 1 0 0   958 50 19.16
1 0 1 1 1 0 0 1 0 0 1 0 1 1 1 1 1 1 1 0 1 1 1 1 0 0   958 50 19.16
1 0 1 1 1 0 0 1 0 0 1 0 1 1 1 1 1 1 1 0 1 1 1 1 0 0   958 50 19.16
1 0 1 1 1 0 0 1 0 0 1 0 1 1 1 1 1 1 1 0 1 1 1 1 0 0   958 50 19.16
1 0 1 1 1 0 0 1 0 0 1 0 1 1 1 1 1 1 1 0 1 1 1 1 0 0   958 50 19.16
1 0 1 1 1 0 0 1 0 0 1 0 1 1 1 1 1 1 1 0 1 1 1 1 0 0   958 50 19.16
1 0 1 1 1 0 0 1 0 0 1 0 1 1 1 1 1 1 1 0 1 1 1 1 0 0   958 50 19.16
1 0 1 1 1 0 0 1 0 0 1 0 1 1 1 1 1 1 1 0 1 1 1 1 0 0   958 50 19.16
1 0 1 1 1 0 0 1 0 0 1 0 1 1 1 1 1 1 1 0 1 1 1 1 0 0   958 50 19.16
1 0 1 1 1 0 0 1 0 0 1 0 1 1 1 1 1 1 1 0 1 1 1 1 0 0   958 50 19.16
1 0 1 1 1 0 0 1 0 0 1 0 1 1 1 1 1 1 1 0 1 1 1 1 0 0   958 50 19.16
1 0 1 1 1 0 0 1 0 0 1 0 1 1 1 1 1 1 1 0 1 1 1 1 0 0   958 50 19.16
1 0 1 1 1 0 0 1 0 0 1 0 1 1 1 1 1 1 1 0 1 1 1 1 0 0   958 50 19.16
1 0 1 1 1 0 0 1 0 0 1 0 1 1 1 1 1 1 1 0 1 1 1 1 0 0   958 50 19.16
1 0 1 1 1 0 0 1 0 0 1 0 1 1 1 1 1 1 1 0 1 1 1 1 0 0   958 50 19.16
1 0 1 1 1 0 0 1 0 0 1 0 1 1 1 1 1 1 1 0 1 1 1 1 0 0   958 50 19.16
1 0 1 1 1 0 0 1 0 0 1 0 1 1 1 1 1 1 1 0 1 1 1 1 0 0   958 50 19.16
1 0 1 1 1 0 0 1 0 0 1 0 1 1 1 1 1 1 1 0 1 1 1 1 0 0   958 50 19.16
1 0 1 1 1 0 0 1 0 0 1 0 1 1 1 1 1 1 1 0 1 1 1 1 0 0   958 50 19.16
1 0 1 1 1 0 0 1 0 0 1 0 1 1 1 1 1 1 1 0 1 1 1 1 0 0   958 50 19.16
1 0 1 1 1 0 0 1 0 0 1 0 1 1 1 1 1 1 1 0 1 1 1 1 0 0   958 50 19.16
1 0 1 1 1 0 0 1 0 0 1 0 1 1 1 1 1 1 1 0 1 1 1 1 0 0   958 50 19.16
1 0 1 1 1 0 0 1 0 0 1 0 1 1 1 1 1 1 1 0 1 1 1 1 0 0   958 50 19.16
1 0 1 1 1 0 0 1 0 0 1 0 1 1 1 1 1 1 1 0 1 1 1 1 0 0   958 50 19.16
1 0 1 1 1 0 0 1 0 0 1 0 1 1 1 1 1 1 1 0 1 1 1 1 0 0   958 50 19.16
1 0 1 1 1 0 0 1 0 0 1 0 1 1 1 1 1 1 1 0 1 1 1 1 0 0   958 50 19.16
1 0 1 1 1 0 0 1 0 0 1 0 1 1 1 1 1 1 1 0 1 1 1 1 0 0   958 50 19.16
1 0 1 1 1 0 0 1 0 0 1 0 1 1 1 1 1 1 1 0 1 1 1 1 0 0   958 50 19.16
1 0 1 1 1 0 0 1 0 0 1 0 1 1 1 1 1 1 1 0 1 1 1 1 0 0   958 50 19.16
1 0 1 1 1 0 0 1 0 0 1 0 1 1 1 1 1 1 1 0 1 1 1 1 0 0   958 50 19.16
1 0 1 1 1 0 0 1 0 0 1 0 1 1 1 1 1 1 1 0 1 1 1 1 0 0   958 50 19.16
1 0 1 1 1 0 0 1 0 0 1 0 1 1 1 1 1 1 1 0 1 1 1 1 0 0   958 50 19.16
1 0 1 1 1 0 0 1 0 0 1 0 1 1 1 1 1 1 1 0 1 1 1 1 0 0   958 50 19.16
1 0 1 1 1 0 0 1 0 0 1 0 1 1 1 1 1 1 1 0 1 1 1 1 0 0   958 50 19.16
1 0 1 1 1 0 0 1 0 0 1 0 1 1 1 1 1 1 1 0 1 1 1 1 0 0   958 50 19.16
1 0 1 1 1 0 0 1 0 0 1 0 1 1 1 1 1 1 1 0 1 1 1 1 0 0   958 50 19.16
1 0 1 1 1 0 0 1 0 0 1 0 1 1 1 1 1 1 1 0 1 1 1 1 0 0   958 50 19.16
1 0 1 1 1 0 0 1 0 0 1 0 1 1 1 1 1 1 1 0 1 1 1 1 0 0   958 50 19.16
1 0 1 1 1 0 0 1 0 0 1 0 1 1 1 1 1 1 1 0 1 1 1 1 0 0   958 50 19.16
1 0 1 1 1 0 0 1 0 0 1 0 1 1 1 1 1 1 1 0 1 1 1 1 0 0   958 50 19.16
1 0 1 1 1 0 0 1 0 0 1 0 1 1 1 1 1 1 1 0 1 1 1 1 0 0   958 50 19.16
1 0 1 1 1 0 0 1 0 0 1 0 1 1 1 1 1 1 1 0 1 1 1 1 0 0   958 50 19.16
1 0 1 1 1 0 0 1 0 0 1 0 1 1 1 1 1 1 1 0 1 1 1 1 0 0   958 50 19.16
1 0 1 1 1 0 0 1 0 0 1 0 1 1 1 1 1 1 1 0 1 1 1 1 0 0   958 50 19.16
1 0 1 1 1 0 0 1 0 0 1 0 1 1 1 1 1 1 1 0 1 1 1 1 0 0   958 50 19.16
1 0 1 1 1 0 0 1 0 0 1 0 1 1 1 1 1 1 1 0 1 1 1 1 0 0   958 50 19.16
1 0 1 1 1 0 0 1 0 0 1 0 1 1 1 1 1 1 1 0 1 1 1 1 0 0   958 50 19.16
1 0 1 1 1 0 0 1 0 0 1 0 1 1 1 1 1 1 1 0 1 1 1 1 0 0   958 50 19.16
1 0 1 1 1 0 0 1 0 0 1 0 1 1 1 1 1 1 1 0 1 1 1 1 0 0   958 50 19.16
1 0 1 1 1 0 0 1 0 0 1 0 1 1 1 1 1 1 1 0 1 1 1 1 0 0   958 50 19.16
1 0 1 1 1 0 0 1 0 0 1 0 1 1 1 1 1 1 1 0 1 1 1 1 0 0   958 50 19.16
1 0 1 1 1 0 0 1 0 0 1 0 1 1 1 1 1 1 1 0 1 1 1 1 0 0   958 50 19.16
1 0 1 1 1 0 0 1 0 0 1 0 1 1 1 1 1 1 1 0 1 1 1 1 0 0   958 50 19.16
1 0 1 1 1 0 0 1 0 0 1 0 1 1 1 1 1 1 1 0 1 1 1 1 0 0   958 50 19.16
1 0 1 1 1 0 0 1 0 0 1 0 1 1 1 1 1 1 1 0 1 1 1 1 0 0   958 50 19.16
1 0 1 1 1 0 0 1 0 0 1 0 1 1 1 1 1 1 1 0 1 1 1 1 0 0   958 50 19.16
1 0 1 1 1 0 0 1 0 0 1 0 1 1 1 1 1 1 1 0 1 1 1 1 0 0   958 50 19.16
1 0 1 1 1 0 0 1 0 0 1 0 1 1 1 1 1 1 1 0 1 1 1 1 0 0   958 50 19.16
1 0 1 1 1 0 0 1 0 0 1 0 1 1 1 1 1 1 1 0 1 1 1 1 0 0   958 50 19.16
1 0 1 1 1 0 0 1 0 0 1 0 1 1 1 1 1 1 1 0 1 1 1 1 0 0   958 50 19.16
1 0 1 1 1 0 0 1 0 0 1 0 1 1 1 1 1 1 1 0 1 1 1 1 0 0   958 50 19.16
1 0 1 1 1 0 0 1 0 0 1 0 1 1 1 1 1 1 1 0 1 1 1 1 0 0   958 50 19.16
1 0 1 1 1 0 0 1 0 0 1 0 1 1 1 1 1 1 1 0 1 1 1 1 0 0   958 50 19.16
1 0 1 1 1 0 0 1 0 0 1 0 1 1 1 1 1 1 1 0 1 1 1 1 0 0   958 50 19.16
1 0 1 1 1 0 0 1 0 0 1 0 1 1 1 1 1 1 1 0 1 1 1 1 0 0   958 50 19.16
1 0 1 1 1 0 0 1 0 0 1 0 1 1 1 1 1 1 1 0 1 1 1 1 0 0   958 50 19.16
1 0 1 1 1 0 0 1 0 0 1 0 1 1 1 1 1 1 1 0 1 1 1 1 0 0   958 50 19.16
1 0 1 1 1 0 0 1 0 0 1 0 1 1 1 1 1 1 1 0 1 1 1 1 0 0   958 50 19.16
1 0 1 1 1 0 0 1 0 0 1 0 1 1 1 1 1 1 1 0 1 1 1 1 0 0   958 50 19.16
1 0 1 1 1 0 0 1 0 0 1 0 1 1 1 1 1 1 1 0 1 1 1 1 0 0   958 50 19.16
1 0 1 1 1 0 0 1 0 0 1 0 1 1 1 1 1 1 1 0 1 1 1 1 0 0   958 50 19.16
1 0 1 1 1 0 0 1 0 0 1 0 1 1 1 1 1 1 1 0 1 1 1 1 0 0   958 50 19.16
1 0 1 1 1 0 0 1 0 0 1 0 1 1 1 1 1 1 1 0 1 1 1 1 0 0   958 50 19.16
1 0 1 1 1 0 0 1 0 0 1 0 1 1 1 1 1 1 1 0 1 1 1 1 0 0   958 50 19.16