
1 0 1 1 1 0 1 1 1 0 0 0 1 1 1 0 1 1 1 0 1 1 1 0 0 0   919.4 52.5 0
1 0 1 1 1 0 0 1 1 0 1 0 1 1 1 0 1 1 1 0 1 1 1 0 0 0   930 53 0
1 0 1 1 1 0 0 1 1 0 0 0 1 1 1 0 1 1 1 0 1 0 1 0 0 0   808 42 16.16
1 0 1 0 1 0 0 0 1 0 0 0 1 1 1 0 1 1 1 1 1 1 0 1 0 0   832 46 16.64
1 0 1 0 1 0 0 1 1 0 0 0 1 1 1 0 1 1 1 0 1 1 1 0 0 0   835 47 16.7
1 0 1 1 1 0 0 1 1 0 0 0 1 1 1 0 1 1 0 0 1 1 1 0 0 0   837 48 16.74
1 0 1 1 1 0 0 0 1 0 0 0 1 1 1 0 1 1 1 0 1 1 1 0 0 0   884 48 17.68
1 0 1 1 1 0 0 0 1 0 0 0 1 1 1 0 1 1 1 1 1 1 0 1 0 0   904 49 18.08
1 0 1 1 1 0 0 0 1 0 0 0 1 1 1 0 1 1 1 1 1 1 0 1 0 0   904 49 18.08
1 0 1 1 1 0 0 0 1 0 0 0 1 1 1 0 1 1 1 1 1 1 0 1 0 0   904 49 18.08
1 0 1 1 1 0 0 0 1 0 0 0 1 1 1 0 1 1 1 1 1 1 0 1 0 0   904 49 18.08
1 0 1 1 1 0 0 0 1 0 0 0 1 1 1 0 1 1 1 1 1 1 0 1 0 0   904 49 18.08
1 0 1 1 1 0 0 0 1 0 0 0 1 1 1 0 1 1 1 1 1 1 0 1 0 0   904 49 18.08
1 0 1 1 1 0 0 0 1 0 0 0 1 1 1 0 1 1 1 1 1 1 0 1 0 0   904 49 18.08
1 0 1 1 1 0 0 0 1 0 0 0 1 1 1 0 1 1 1 1 1 1 0 1 0 0   904 49 18.08
1 0 1 1 1 0 0 0 1 0 0 0 1 1 1 0 1 1 1 1 1 1 0 1 0 0   904 49 18.08
1 0 1 1 1 0 0 0 1 0 0 0 1 1 1 0 1 1 1 1 1 1 0 1 0 0   904 49 18.08
1 0 1 1 1 0 0 0 1 0 0 0 1 1 1 0 1 1 1 1 1 1 0 1 0 0   904 49 18.08
1 0 1 1 1 0 0 1 1 0 0 0 1 1 1 0 1 1 1 0 1 1 1 0 0 0   907 50 18.14
1 0 1 1 1 0 0 1 1 0 0 0 1 1 1 0 1 1 1 0 1 1 1 0 0 0   907 50 18.14
1 0 1 1 1 0 0 1 1 0 0 0 1 1 1 0 1 1 1 0 1 1 1 0 0 0   907 50 18.14
1 0 1 1 1 0 0 1 1 0 0 0 1 1 1 0 1 1 1 0 1 1 1 0 0 0   907 50 18.14
1 0 1 1 1 0 0 1 1 0 0 0 1 1 1 0 1 1 1 0 1 1 1 0 0 0   907 50 18.14
1 0 1 1 1 0 0 1 1 0 0 0 1 1 1 0 1 1 1 0 1 1 1 0 0 0   907 50 18.14
1 0 1 1 1 0 0 1 1 0 0 0 1 1 1 0 1 1 1 0 1 1 1 0 0 0   907 50 18.14
1 0 1 1 1 0 0 1 1 0 0 0 1 1 1 0 1 1 1 0 1 1 1 0 0 0   907 50 18.14
1 0 1 1 1 0 0 1 1 0 0 0 1 1 1 0 1 1 1 0 1 1 1 0 0 0   907 50 18.14
1 0 1 1 1 0 0 1 1 0 0 0 1 1 1 0 1 1 1 0 1 1 1 0 0 0   907 50 18.14
1 0 1 1 1 0 0 1 1 0 0 0 1 1 1 0 1 1 1 0 1 1 1 0 0 0   907 50 18.14
1 0 1 1 1 0 0 1 1 0 0 0 1 1 1 0 1 1 1 0 1 1 1 0 0 0   907 50 18.14
1 0 1 1 1 0 0 1 1 0 0 0 1 1 1 0 1 1 1 0 1 1 1 0 0 0   907 50 18.14
1 0 1 1 1 0 0 1 1 0 0 0 1 1 1 0 1 1 1 0 1 1 1 0 0 0   907 50 18.14
1 0 1 1 1 0 0 1 1 0 0 0 1 1 1 0 1 1 1 0 1 1 1 0 0 0   907 50 18.14
1 0 1 1 1 0 0 1 1 0 0 0 1 1 1 0 1 1 1 0 1 1 1 0 0 0   907 50 18.14
1 0 1 1 1 0 0 1 1 0 0 0 1 1 1 0 1 1 1 0 1 1 1 0 0 0   907 50 18.14
1 0 1 1 1 0 0 1 1 0 0 0 1 1 1 0 1 1 1 0 1 1 1 0 0 0   907 50 18.14
1 0 1 1 1 0 0 1 1 0 0 0 1 1 1 0 1 1 1 0 1 1 1 0 0 0   907 50 18.14
1 0 1 1 1 0 0 1 1 0 0 0 1 1 1 0 1 1 1 0 1 1 1 0 0 0   907 50 18.14
1 0 1 1 1 0 0 1 1 0 0 0 1 1 1 0 1 1 1 0 1 1 1 0 0 0   907 50 18.14
1 0 1 1 1 0 0 1 1 0 0 0 1 1 1 0 1 1 1 0 1 1 1 0 0 0   907 50 18.14
1 0 1 1 1 0 0 1 1 0 0 0 1 1 1 0 1 1 1 0 1 1 1 0 0 0   907 50 18.14
1 0 1 1 1 0 0 1 1 0 0 0 1 1 1 0 1 1 1 0 1 1 1 0 0 0   907 50 18.14
1 0 1 1 1 0 0 1 1 0 0 0 1 1 1 0 1 1 1 0 1 1 1 0 0 0   907 50 18.14
1 0 1 1 1 0 0 1 1 0 0 0 1 1 1 0 1 1 1 0 1 1 1 0 0 0   907 50 18.14
1 0 1 1 1 0 0 1 1 0 0 0 1 1 1 0 1 1 1 0 1 1 1 0 0 0   907 50 18.14
1 0 1 1 1 0 0 1 1 0 0 0 1 1 1 0 1 1 1 0 1 1 1 0 0 0   907 50 18.14
1 0 1 1 1 0 0 1 1 0 0 0 1 1 1 0 1 1 1 0 1 1 1 0 0 0   907 50 18.14
1 0 1 1 1 0 0 1 1 0 0 0 1 1 1 0 1 1 1 0 1 1 1 0 0 0   907 50 18.14
1 0 1 1 1 0 0 1 1 0 0 0 1 1 1 0 1 1 1 0 1 1 1 0 0 0   907 50 18.14
1 0 1 1 1 0 0 1 1 0 0 0 1 1 1 0 1 1 1 0 1 1 1 0 0 0   907 50 18.14
1 0 1 1 1 0 0 1 1 0 0 0 1 1 1 0 1 1 1 0 1 1 1 0 0 0   907 50 18.14
1 0 1 1 1 0 0 1 1 0 0 0 1 1 1 0 1 1 1 0 1 1 0 1 0 0   907 50 18.14
1 0 1 1 1 0 0 1 1 0 0 0 1 1 1 0 1 1 1 0 1 1 1 0 0 0   907 50 18.14
1 0 1 1 1 0 0 1 1 0 0 0 1 1 1 0 1 1 1 0 1 1 1 0 0 0   907 50 18.14
1 0 1 1 1 0 0 1 1 0 0 0 1 1 1 0 1 1 1 0 1 1 1 0 0 0   907 50 18.14
1 0 1 1 1 0 0 1 1 0 0 0 1 1 1 0 1 1 1 0 1 1 1 0 0 0   907 50 18.14
1 0 1 1 1 0 0 1 1 0 0 0 1 1 1 0 1 1 1 0 1 1 0 1 0 0   907 50 18.14
1 0 1 1 1 0 0 1 1 0 0 0 1 1 1 0 1 1 1 0 1 1 1 0 0 0   907 50 18.14
1 0 1 1 1 0 0 1 1 0 0 0 1 1 1 0 1 1 1 0 1 1 1 0 0 0   907 50 18.14
1 0 1 1 1 0 0 1 1 0 0 0 1 1 1 0 1 1 1 0 1 1 1 0 0 0   907 50 18.14
1 0 1 1 1 0 0 1 1 0 0 0 1 1 1 0 1 1 1 0 1 1 1 0 0 0   907 50 18.14
1 0 1 1 1 0 0 1 1 0 0 0 1 1 1 0 1 1 1 0 1 1 1 0 0 0   907 50 18.14
1 0 1 1 1 0 0 1 1 0 0 0 1 1 1 0 1 1 1 0 1 1 1 0 0 0   907 50 18.14
1 0 1 1 1 0 0 1 1 0 0 0 1 1 1 0 1 1 1 0 1 1 1 0 0 0   907 50 18.14
1 0 1 1 1 0 0 1 1 0 0 0 1 1 1 0 1 1 1 0 1 1 1 0 0 0   907 50 18.14
1 0 1 1 1 0 0 1 1 0 0 0 1 1 1 0 1 1 1 0 1 1 1 0 0 0   907 50 18.14
1 0 1 1 1 0 0 1 1 0 0 0 1 1 1 0 1 1 1 0 1 1 1 0 0 0   907 50 18.14
1 0 1 1 1 0 0 1 1 0 0 0 1 1 1 0 1 1 1 0 1 1 1 0 0 0   907 50 18.14
1 0 1 1 1 0 0 1 1 0 0 0 1 1 1 0 1 1 1 0 1 1 1 0 0 0   907 50 18.14
1 0 1 1 1 0 0 1 1 0 0 0 1 1 1 0 1 1 1 0 1 1 1 0 0 0   907 50 18.14
1 0 1 1 1 0 0 1 1 0 0 0 1 1 1 0 1 1 1 0 1 1 1 0 0 0   907 50 18.14
1 0 1 1 1 0 0 1 1 0 0 0 1 1 1 0 1 1 1 0 1 1 1 0 0 0   907 50 18.14
1 0 1 1 1 0 0 1 1 0 0 0 1 1 1 0 1 1 1 0 1 1 1 0 0 0   907 50 18.14
1 0 1 1 1 0 0 1 1 0 0 0 1 1 1 0 1 1 1 0 1 1 1 0 0 0   907 50 18.14
1 0 1 1 1 0 0 1 1 0 0 0 1 1 1 0 1 1 1 0 1 1 1 0 0 0   907 50 18.14
1 0 1 1 1 0 0 1 1 0 0 0 1 1 1 0 1 1 1 0 1 1 1 0 0 0   907 50 18.14
1 0 1 1 1 0 0 1 1 0 0 0 1 1 1 0 1 1 1 0 1 1 1 0 0 0   907 50 18.14
1 0 1 1 1 0 0 1 1 0 0 0 1 1 1 0 1 1 1 0 1 1 1 0 0 0   907 50 18.14
1 0 1 1 1 0 0 1 1 0 0 0 1 1 1 0 1 1 1 0 1 1 1 0 0 0   907 50 18.14
1 0 1 1 1 0 0 1 1 0 0 0 1 1 1 0 1 1 1 0 1 1 1 0 0 0   907 50 18.14
1 0 1 1 1 0 0 1 1 0 0 0 1 1 1 0 1 1 1 0 1 1 1 0 0 0   907 50 18.14
1 0 1 1 1 0 0 1 1 0 0 0 1 1 1 0 1 1 1 0 1 1 1 0 0 0   907 50 18.14
1 0 1 1 1 0 0 1 1 0 0 0 1 1 1 0 1 1 1 0 1 1 1 0 0 0   907 50 18.14
1 0 1 1 1 0 0 1 1 0 0 0 1 1 1 0 1 1 1 0 1 1 1 0 0 0   907 50 18.14
1 0 1 1 1 0 0 1 1 0 0 0 1 1 1 0 1 1 1 0 1 1 1 0 0 0   907 50 18.14
1 0 1 1 1 0 0 1 1 0 0 0 1 1 1 0 1 1 1 0 1 1 1 0 0 0   907 50 18.14
1 0 1 1 1 0 0 1 1 0 0 0 1 1 1 0 1 1 1 0 1 1 1 0 0 0   907 50 18.14
1 0 1 1 1 0 0 1 1 0 0 0 1 1 1 0 1 1 1 0 1 1 1 0 0 0   907 50 18.14
1 0 1 1 1 0 0 1 1 0 0 0 1 1 1 0 1 1 1 0 1 1 1 0 0 0   907 50 18.14
1 0 1 1 1 0 0 1 1 0 0 0 1 1 1 0 1 1 1 0 1 1 1 0 0 0   907 50 18.14
1 0 1 1 1 0 0 1 1 0 0 0 1 1 1 0 1 1 1 0 1 1 1 0 0 0   907 50 18.14
1 0 1 1 1 0 0 1 1 0 0 0 1 1 1 0 1 1 1 0 1 1 1 0 0 0   907 50 18.14
1 0 1 1 1 0 0 1 1 0 0 0 1 1 1 0 1 1 1 0 1 1 1 0 0 0   907 50 18.14
1 0 1 1 1 0 0 1 1 0 0 0 1 1 1 0 1 1 1 0 1 1 1 0 0 0   907 50 18.14
1 0 1 1 1 0 0 1 1 0 0 0 1 1 1 0 1 1 1 0 1 1 1 0 0 0   907 50 18.14
1 0 1 1 1 0 0 1 1 0 0 0 1 1 1 0 1 1 1 0 1 1 1 0 0 0   907 50 18.14
1 0 1 1 1 0 0 1 1 0 0 0 1 1 1 0 1 1 1 0 1 1 1 0 0 0   907 50 18.14
1 0 1 1 1 0 0 1 1 0 0 0 1 1 1 0 1 1 1 0 1 1 1 0 0 0   907 50 18.14
1 0 1 1 1 0 0 1 1 0 0 0 1 1 1 0 1 1 1 0 1 1 1 0 0 0   907 50 18.14
1 0 1 1 1 0 0 1 1 0 0 0 1 1 1 0 1 1 1 0 1 1 1 0 0 0   907 50 18.14